,abs_amplitude,amplitude_squared,surface_energy,param_0,real_group_sampling_width
0,0.0052230558073593294,2.7280311966790017e-05,107.71183341048453,-0.0052230558073593294,0.03254771400729222
1,0.0004820004649223851,2.323244481853954e-07,107.71174884926982,0.0004820004649223851,0.03252846706038061
2,0.0017545321808001158,3.0783831734632104e-06,107.71175774556083,-0.0017545321808001158,0.032509231495066036
3,0.009932902914607508,9.866256031101832e-05,107.71205672434007,-0.009932902914607508,0.0340669653735642
4,0.009627641554996258,9.269148191149077e-05,107.71203803601836,-0.009627641554996258,0.032470794482310175
5,0.001607125572233606,2.5828526049271956e-06,107.71175619659269,0.001607125572233606,0.03402668658743489
6,0.014254393151117505,0.00020318772410662562,107.71238411229038,0.014254393151117505,0.0348220702138539
7,0.0037912076087790285,1.4373255132864e-05,107.71179305477061,0.0037912076087790285,0.037365702607517655
8,0.0010310787065407022,1.0631232990816474e-06,107.711751446169,-0.0010310787065407022,0.03646904903354831
9,0.03167510946054032,0.001003312559337211,107.71490554092249,-0.03167510946054032,0.03476033110517547
10,0.018005729107583336,0.0003242062806956738,107.71276373753676,-0.018005729107583336,0.034739775736916376
11,0.012936142497835678,0.0001673437827243103,107.71227179178314,-0.012936142497835678,0.037277396802245184
12,0.0057983875304416874,3.3621297953181654e-05,107.71185323904407,-0.0057983875304416874,0.038148766718791194
13,0.00890778386933791,7.934861346283667e-05,107.71199628087068,0.00890778386933791,0.037233322189881284
14,0.010584282996797239,0.00011202704655629115,107.71209855806742,0.010584282996797239,0.038103661849633846
15,0.00593623865225355,3.523892933650904e-05,107.7118582977254,-0.00593623865225355,0.038994345950300775
16,0.022767005604040696,0.0005183365441744205,107.7133740030737,-0.022767005604040696,0.039905850049064266
17,0.002050485893384829,4.20449239897018e-06,107.71176126567957,-0.002050485893384829,0.04181800520355104
18,0.01825091840028671,0.00033309602245392404,107.71279164836537,-0.01825091840028671,0.04081451105770596
19,0.011406640455252172,0.00013011144647539547,107.71215517817741,-0.011406640455252172,0.03890219119661174
20,0.001540841114271798,2.374191339430356e-06,107.71175554434612,0.001540841114271798,0.03981154115139203
21,0.012742629141445659,0.00016237459743642015,107.71225622464505,-0.012742629141445659,0.0388561955224451
22,0.003141918321978656,9.871650741985174e-06,107.7117789815344,0.003141918321978656,0.040718054735082825
23,0.019659534526300135,0.00038649729779078706,107.71295938099024,-0.019659534526300135,0.0397409557711804
24,0.0013594905117413122,1.8482144515146548e-06,107.71175390022255,0.0013594905117413122,0.03878730395846119
25,0.00250474102663686,6.273727610517871e-06,107.7117677340674,0.00250474102663686,0.03785653664266095
26,0.010359666667015655,0.00010732269345167525,107.71208383156453,-0.010359666667015655,0.03783415034693353
27,0.009242579475813015,8.542527536671999e-05,107.7120152962309,0.009242579475813015,0.038718534538385724
28,0.01233220735149604,0.00015208333816029297,107.71222398818537,-0.01233220735149604,0.03962359146573707
29,0.01193266971503639,0.00014238860652814663,107.71219362439572,0.01193266971503639,0.039600160229945294
30,0.008462607155617044,7.161571987030079e-05,107.71197208501613,0.008462607155617044,0.041497667748494386
31,0.010040640137211045,0.00010081445436497342,107.71206345972254,-0.010040640137211045,0.04452892956889505
32,0.019715525488074682,0.00038870194527092244,107.71296630835047,-0.019715525488074682,0.04346038218301115
33,0.01754626111120053,0.000307871278982428,107.71271245979212,0.01754626111120053,0.04554285865463212
34,0.014868522300139912,0.00022107295538975784,107.71244017775243,-0.014868522300139912,0.047725120448816355
35,0.00736802659518505,5.42878159073542e-05,107.71191787602034,0.00736802659518505,0.048840708923066474
36,0.028150699737993737,0.0007924618957386807,107.71423845766097,-0.028150699737993737,0.047668693059453274
37,0.024584800103144958,0.0006044123961115963,107.71364510064633,-0.024584800103144958,0.047640504388370086
38,0.007706316103778615,5.938730789135762e-05,107.71193382806383,-0.007706316103778615,0.047612332386533035
39,0.014491230095680967,0.0002099957496859698,107.71240545205114,0.014491230095680967,0.046469793506752635
40,0.0033612309630256312,1.1297873586802212e-05,107.71178344020103,-0.0033612309630256312,0.04755603835117403
41,0.009100789505105962,8.282436961624682e-05,107.71200715716988,-0.009100789505105962,0.04752791629795497
42,0.0010340492482056145,1.0692578477145965e-06,107.71175146534439,-0.0010340492482056145,0.04863889506822306
43,0.015071360740847646,0.0002271459145807637,107.71245921794966,0.015071360740847646,0.04861013267246747
44,0.007136896736499359,5.0935295027455204e-05,107.71190738938718,-0.007136896736499359,0.049746408563050765
45,0.022736760651002223,0.000516960284900963,107.71336967106632,-0.022736760651002223,0.05213009044012116
46,0.00474372732193523,2.2502948904874787e-05,107.71181847257071,-0.00474372732193523,0.050879140273454804
47,0.007255979153901867,5.264923348185846e-05,107.71191275050056,-0.007255979153901867,0.05590493545051391
48,0.004145246833737454,1.718307131261039e-05,107.71180183945269,-0.004145246833737454,0.05858371338286015
49,0.004145246833737454,1.718307131261039e-05,107.71180183945269,-0.004145246833737454,0.0545311356323068
50,0.02127551222805131,0.00045264742056596083,107.71316732494923,0.02127551222805131,0.05322256830330714
51,0.007829298953585294,6.129792210461179e-05,107.71193980506041,0.007829298953585294,0.05577281615396231
52,0.019565258265852807,0.00038279933100952157,107.71294776184037,-0.019565258265852807,0.055739835145483925
53,0.019069839109260956,0.0003636587636530987,107.71288763071476,-0.019069839109260956,0.053128205334407166
54,0.014855784395337147,0.00022069433000074267,107.71243899072186,-0.014855784395337147,0.0530967882048554
55,0.031725691264636764,0.0010065194862190494,107.71491570144553,0.031725691264636764,0.05060899550532023
56,0.00014163946790131388,2.0061738867367324e-08,107.71174818578677,0.00014163946790131388,0.05179199539192421
57,0.01592141269202853,0.0002534913821098872,107.71254183544227,0.01592141269202853,0.051761368424219766
58,7.712902924994491e-05,5.948887153038858e-09,107.71174814167341,7.712902924994491e-05,0.04933614537707604
59,7.712902924994491e-05,5.948887153038858e-09,107.71174814167341,7.712902924994491e-05,0.045923275937637266
60,0.011313531352939228,0.00012799599167393893,107.7121485542247,-0.011313531352939228,0.04482126883956713
61,0.0020129074494175496,4.051796399920665e-06,107.71176078836213,0.0020129074494175496,0.04586897894377342
62,0.011634720256415754,0.00013536671544505107,107.71217163439617,-0.011634720256415754,0.04921955000371128
63,0.006059286790335683,3.67149564075365e-05,107.71186291367617,0.006059286790335683,0.05037007120042162
64,0.014628612457298785,0.00021399630242583718,107.71241799270146,-0.014628612457298785,0.05278363690969314
65,0.002798995583265443,7.83437627513946e-06,107.7117726127437,0.002798995583265443,0.05663929993817862
66,0.000674074701867769,4.543767036981216e-07,107.71174954335476,-0.000674074701867769,0.05660580653834179
67,0.009160577259388392,8.391617572522375e-05,107.71201057374348,-0.009160577259388392,0.05524745395300034
68,0.015870067275141505,0.0002518590353175173,107.71253671566637,-0.015870067275141505,0.05392169734780545
69,0.014390834539559617,0.00020709611874498207,107.7123963629162,0.014390834539559617,0.051395254420770774
70,0.011342289292739173,0.0001286475264001857,107.71215059430254,-0.011342289292739173,0.05514950088637156
71,0.007788845728044332,6.066611777527444e-05,107.71193782856253,-0.007788845728044332,0.05256553054980839
72,0.009901720139021915,9.804406171151217e-05,107.71205478848893,0.009901720139021915,0.05253444615550512
73,0.0041610382697117,1.7314239482005336e-05,107.71180224954838,-0.0041610382697117,0.052503380142821125
74,0.024330833531412237,0.0005919894603332941,107.71360595499671,-0.024330833531412237,0.05373066181745453
75,0.025609239333175132,0.0006558331392238442,107.71380720096698,0.025609239333175132,0.05630525581362081
76,0.009702400634812144,9.413657807840309e-05,107.71204255875179,0.009702400634812144,0.0590032157617572
77,0.01227675397069496,0.00015071868805697445,107.71221971387618,0.01227675397069496,0.05758733326533601
78,0.01179384942331044,0.00013909488421972002,107.71218330939999,0.01179384942331044,0.06034672608621498
79,0.008595476329146878,7.388221332492428e-05,107.71197917650372,0.008595476329146878,0.05751924537271289
80,0.009098335677919489,8.277971210810268e-05,107.71200701742485,0.009098335677919489,0.05748523162103015
81,0.0035480793784293703,1.2588867275635746e-05,107.71178747618764,-0.0035480793784293703,0.06316357048997193
82,0.01121184127022358,0.00012570538466868868,107.71214138204556,-0.01121184127022358,0.06464003719279918
83,0.010590753785169644,0.00011216406573808515,107.7120989870062,-0.010590753785169644,0.06308888958079699
84,0.01588583343535148,0.00025235970393573095,107.71253828597702,-0.01588583343535148,0.06769731585276939
85,0.003957673569049438,1.5663180079152516e-05,107.71179708758388,-0.003957673569049438,0.06452543118986155
86,0.01548994762352255,0.0002399384773794719,107.7124993308381,0.01548994762352255,0.0629770337437859
87,0.0010069413600579565,1.0139309025953672e-06,107.7117512924033,0.0010069413600579565,0.06293979255305754
88,0.0010069413600579565,1.0139309025953672e-06,107.7117512924033,0.0010069413600579565,0.05858587935438361
89,0.024951007617015453,0.0006225527811043632,107.71370227416746,0.024951007617015453,0.0571800115547326
90,0.00033695596841068834,1.1353932464758479e-07,107.71174847797538,0.00033695596841068834,0.05851661083930352
91,0.003729232425594812,1.3907174484107764e-05,107.7117915976363,0.003729232425594812,0.06132053154020074
92,0.0030538460440909573,9.325975661009989e-06,107.71177727566435,0.0030538460440909573,0.06425880676341489
93,0.0015306311949967073,2.3428318550970482e-06,107.71175544632084,0.0015306311949967073,0.0642208076018731
94,0.01833845485454871,0.0003362989264523212,107.71280170523698,-0.01833845485454871,0.06418283091096766
95,0.012579025050826566,0.0001582318712293223,107.71224324738253,-0.012579025050826566,0.06568312312051401
96,0.003964761445282112,1.5719333317995502e-05,107.71179726314261,-0.003964761445282112,0.06260561128398937
97,0.0001977263911256892,3.909572574758902e-08,107.71174824528246,0.0001977263911256892,0.062568589732292
98,0.01000424896486701,0.00010008499735104263,107.7120611765157,0.01000424896486701,0.06403114858806877
99,0.004767717908259202,2.27311340527355e-05,107.71181918604071,-0.004767717908259202,0.06249461229354441
100,0.004090654582460672,1.6733454913006493e-05,107.71180043373786,-0.004090654582460672,0.06245765638060974
101,0.029273612216846122,0.0008569443722222825,107.71444226556662,-0.029273612216846122,0.06391762213725163
102,0.004488845485182278,2.014973378984132e-05,107.7118111148656,0.004488845485182278,0.0638798247337315
103,0.0015869585188845112,2.5184373406601214e-06,107.7117559952392,0.0015869585188845112,0.06384204968153898
104,0.015106785080610769,0.00022821495547176412,107.7124625698132,-0.015106785080610769,0.060850799353772994
105,0.016350607422430437,0.00026734236308243733,107.71258528290556,-0.016350607422430437,0.06227320436332724
106,0.013020517352717434,0.00016953387213241582,107.71227865308353,-0.013020517352717434,0.062236379378994136
107,0.017713538116127272,0.0003137694325914937,107.71273097357853,0.017713538116127272,0.062199576170952856
108,0.010150532052579438,0.00010303330095044253,107.71207040487019,-0.010150532052579438,0.0592852821666664
109,0.01820766328253391,0.00033151900221013345,107.71278669680291,-0.01820766328253391,0.060671092759826246
110,0.0003311102060956266,1.0963396858068831e-07,107.71174846576815,-0.0003311102060956266,0.062089297075844915
111,0.02237550443020351,0.0005006631985060569,107.7133183793452,-0.02237550443020351,0.06059935881045018
112,0.001042848271429207,1.0875325172228851e-06,107.71175152246742,-0.001042848271429207,0.06350307784326184
113,0.01564737484615764,0.0002448403395761668,107.71251470315526,0.01564737484615764,0.061979213504236734
114,0.0039155091874148555,1.5331212196730144e-05,107.71179604971485,-0.0039155091874148555,0.061942562370099555
115,0.0005159912303618706,2.66246949810357e-07,107.71174895530375,-0.0005159912303618706,0.060456145253489676
116,0.0012975136403252886,1.6835416468301824e-06,107.71175338548284,-0.0012975136403252886,0.0648722586125868
117,0.004078966979833593,1.663797162257278e-05,107.71180013521277,-0.004078966979833593,0.0679807207437466
118,0.02082900393265,0.0004338474048263492,107.71310820795915,-0.02082900393265,0.06634940774914957
119,0.0010912164356037812,1.1907533093318212e-06,107.71175184511566,-0.0010912164356037812,0.06790034431802956
120,0.0008047323526430784,6.475941593904639e-07,107.71175014731031,0.0008047323526430784,0.06627096009244668
121,0.013232159579842622,0.0001750900471464209,107.71229606085708,-0.013232159579842622,0.06623177105292166
122,0.01864509084792657,0.0003476394127274351,107.71283731698041,-0.01864509084792657,0.06940537648305088
123,0.01429572799374069,0.0002043678388710212,107.71238781122037,0.01429572799374069,0.07447520038589514
124,0.006907569707173898,4.771451925946649e-05,107.71189731529859,-0.006907569707173898,0.07443115980511154
125,0.020606978623797855,0.00042464756800166177,107.71307928435826,0.020606978623797855,0.07438714526753086
126,0.011119418158141152,0.00012364146017559917,107.71213491982813,0.011119418158141152,0.07795152901267056
127,0.004955683612347909,2.455880006569362e-05,107.71182490071142,-0.004955683612347909,0.07608094951842807
128,0.020026460432866742,0.0004010591174691772,107.71300514040007,0.020026460432866742,0.07425525776004653
129,0.010758164187668744,0.00011573809668883829,107.71211017579637,-0.010758164187668744,0.07421134724136322
130,0.0066420490283903115,4.411681529554068e-05,107.71188606275592,-0.0066420490283903115,0.07243051976885477
131,0.006250186708429764,3.906483389023209e-05,107.71187026259257,-0.006250186708429764,0.07412360408751538
132,0.01600410362474884,0.000256131332831699,107.71255011575734,-0.01600410362474884,0.07234488216118963
133,0.01993616160546038,0.00039745053955903264,107.71299379988207,-0.01993616160546038,0.0740359646760376
134,0.013629841829131777,0.00018577258828715029,107.71232953346218,0.013629841829131777,0.07944403711083477
135,0.0005713887109652718,3.26485059018555e-07,107.71174914359426,0.0005713887109652718,0.07939705823040176
136,0.0015774815999573697,2.4884481982040633e-06,107.71175590149721,0.0015774815999573697,0.07567699476690018
137,0.0006539479584446225,4.276479323538897e-07,107.71174945980658,-0.0006539479584446225,0.07930318379536797
138,0.006696743676569491,4.4846375869673463e-05,107.71188834455906,0.006696743676569491,0.07925628820792088
139,0.008761866650002191,7.677030719242062e-05,107.71198821319238,0.008761866650002191,0.08305398503272061
140,0.008758044874042144,7.670335001573586e-05,107.71198800368302,0.008758044874042144,0.08106096342961545
141,0.0027148992700463965,7.370678046498457e-06,107.71177116318597,0.0027148992700463965,0.07911576776898467
142,0.0038185801574195048,1.4581554418637969e-05,107.71179370599143,-0.0038185801574195048,0.0809651216904522
143,0.01093089252429029,0.00011948441137758534,107.71212190451482,0.01093089252429029,0.07717158830607201
144,0.008503780953638424,7.231429050746362e-05,107.7119742707063,0.008503780953638424,0.07712595322820207
145,0.002372364164600626,5.6281117294812266e-06,107.71176571586562,0.002372364164600626,0.08082157151045119
146,0.002372364164600626,5.6281117294812266e-06,107.71176571586562,0.002372364164600626,0.07523067118073876
147,0.00043034059752220313,1.8519302987576683e-07,107.711748701948,0.00043034059752220313,0.07883547387249656
148,0.0022894155775696596,5.241423686818618e-06,107.71176450708339,-0.0022894155775696596,0.07514172283791973
149,0.009931963130926914,9.864389163409154e-05,107.71205666590836,0.009931963130926914,0.07874226342194157
150,0.0035298956820481696,1.2460163526142313e-05,107.71178707382263,-0.0035298956820481696,0.07685270891091482
151,0.01920055499450444,0.00036866131209698937,107.71290334499378,0.01920055499450444,0.07680726240096666
152,0.012335794023431098,0.0001521718141885184,107.71222426530962,-0.012335794023431098,0.07676184276561142
153,0.0064499266045711,4.1601553204354074e-05,107.71187819609317,-0.0064499266045711,0.08236903121411016
154,0.007176828817991743,5.150687188275675e-05,107.71190917723706,0.007176828817991743,0.0803924462426378
155,0.006086078932615958,3.7040356774031804e-05,107.7118639313068,0.006086078932615958,0.07846329278871356
156,0.003920893751017517,1.5373407806768216e-05,107.71179618163555,-0.003920893751017517,0.08029739491907228
157,0.0022204377275182718,4.930343701786507e-06,107.71176353465559,0.0022204377275182718,0.07837052238329056
158,0.007615688949661564,5.799871817799725e-05,107.7119294842195,0.007615688949661564,0.07832417832104986
159,0.019319487129626344,0.000373242582951798,107.71291773686187,0.019319487129626344,0.07827786166416568
160,0.007136446925978682,5.092887472731058e-05,107.71190736930504,0.007136446925978682,0.0860100776078285
161,0.0008279155933286157,6.854442296766737e-07,107.71175026562156,-0.0008279155933286157,0.08394611953658583
162,0.008958749281390859,8.025918868682123e-05,107.71199913018359,0.008958749281390859,0.08001291471576528
163,0.021024315446559447,0.0004420218399964382,107.71313391078004,0.021024315446559447,0.07996559943207338
164,0.004708166241649154,2.2166829359004725e-05,107.7118174216246,0.004708166241649154,0.07804668889321618
165,0.016557518777811493,0.0002741514280775802,107.71260664441328,0.016557518777811493,0.08374773092971181
166,0.00039641520886120676,1.5714501781647417e-07,107.71174861427647,-0.00039641520886120676,0.07982382139292893
167,0.01073676610040531,0.00011527814629481267,107.71210873585447,-0.01073676610040531,0.08364871251389631
168,0.006494814982439829,4.2182621656124876e-05,107.71188001340266,0.006494814982439829,0.08975896309727383
169,0.002561583340364052,6.561709209630655e-06,107.71176863430647,-0.002561583340364052,0.08760504414377984
170,0.017001113445333595,0.0002890378583811027,107.71265335319588,-0.017001113445333595,0.08965283735234358
171,0.029391669869491245,0.0008638702577171596,107.71446416648752,-0.029391669869491245,0.09620166859278378
172,0.0206454766412313,0.00042623570574362724,107.71308427708901,0.0206454766412313,0.09389314596518629
173,0.008658814944262393,7.497507623898175e-05,107.71198259597082,0.008658814944262393,0.0960879253699273
174,0.0024912170262868386,6.206162272061439e-06,107.71176752285665,0.0024912170262868386,0.09378213220438117
175,0.0009713517387199659,9.43524200314301e-07,107.71175107232604,0.0009713517387199659,0.09372667455474742
176,0.012051156696701862,0.00014523037772846213,107.71220252437885,0.012051156696701862,0.09367124969974985
177,0.006215014843507094,3.86264095050135e-05,107.7118688914633,-0.006215014843507094,0.09361585761999545
178,0.0042339562732156555,1.79263857235022e-05,107.71180416342597,-0.0042339562732156555,0.0981016170880856
179,0.00882823278292948,7.793769406959079e-05,107.71199186598258,0.00882823278292948,0.09574750196550509
180,0.01750348031131281,0.00030637182300851523,107.71270775336619,-0.01750348031131281,0.09798562747732048
181,0.021832715902326973,0.00047666748367172106,107.71324287824505,0.021832715902326973,0.1051431403602169
182,0.0008138130090452273,6.622916136912471e-07,107.71175019325139,-0.0008138130090452273,0.11018124874661953
183,0.0056192028864412765,3.157544107898997e-05,107.7118468413681,0.0056192028864412765,0.10501882526443151
184,0.005844076025147393,3.415322458770255e-05,107.71185490248088,0.005844076025147393,0.10747367063606203
185,0.007197604970035128,5.180551730467438e-05,107.71191011138322,-0.007197604970035128,0.10243810780372875
186,0.01532807956615854,0.00023495002318648698,107.71248368801118,0.01532807956615854,0.09997993121227909
187,0.025116476001038182,0.000630837366710727,107.7137283895456,0.025116476001038182,0.10728312111988687
188,0.00197139080855314,3.8863817200478035e-06,107.71176027128803,-0.00197139080855314,0.10979089506110265
189,0.010544446392021444,0.00011118534971421405,107.71209592315158,0.010544446392021444,0.10715627583609108
190,0.0030140274014233623,9.084361176530866e-06,107.71177652034177,0.0030140274014233623,0.1070929094456957
191,0.008044105631774618,6.470763541514813e-05,107.71195047208985,-0.008044105631774618,0.10207518676794963
192,0.0033846334520941258,1.14557436050346e-05,107.71178393374053,0.0033846334520941258,0.1044612237395562
193,0.012435799087344645,0.0001546490989408019,107.71223202478471,0.012435799087344645,0.10195449904094345
194,0.015432295244778398,0.00023815573652200995,107.71249374038686,0.015432295244778398,0.09717753103639605
195,0.01480081895903157,0.00021906424185802836,107.71243388029276,0.01480081895903157,0.0926243827115207
196,0.006405863407561712,4.103508599633815e-05,107.71187642446323,-0.006405863407561712,0.09939027511427621
197,0.0017525448963326487,3.0714136136616146e-06,107.71175772377477,0.0017525448963326487,0.09700523645101068
198,0.027982214828821118,0.0007830043467262965,107.71420858026767,-0.027982214828821118,0.09694787283291748
199,0.004412068589772968,1.946634924086123e-05,107.71180897819792,0.004412068589772968,0.10159329134990357
200,0.004682878664018553,2.1929352581920192e-05,107.71181667910807,0.004682878664018553,0.09685654452890817
201,0.01172479600708765,0.00013747084140781852,107.71217822353165,-0.01172479600708765,0.09909859861026575
202,0.017968975405229272,0.00032288407711373446,107.71275958654361,0.017968975405229272,0.09452295535819326
203,0.010533306234955797,0.00011095054023935867,107.71209518809034,0.010533306234955797,0.0922995118570006
204,0.01661699158575589,0.000276124409361082,107.71261283444846,-0.01661699158575589,0.09661370308429366
205,0.00846797452370061,7.170659253404258e-05,107.71197236933764,-0.00846797452370061,0.10110749708938495
206,0.0058235060396618285,3.3913222593977795e-05,107.71185415194702,-0.0058235060396618285,0.10339245478651289
207,0.0011662659737272764,1.3601763214740321e-06,107.71175237470018,-0.0011662659737272764,0.09873150943507877
208,0.01848798277905533,0.00034180550723864647,107.71281899649124,-0.01848798277905533,0.1056263513939254
209,0.009642280422988148,9.297357175554049e-05,107.71203891887112,0.009642280422988148,0.11044524075461455
210,0.001048523824529626,1.099402210606234e-06,107.71175155956976,0.001048523824529626,0.11289475594320902
211,0.01660991292671108,0.00027588920743292384,107.71261209651686,-0.01660991292671108,0.10789999252960684
212,0.001038789756971699,1.0790841591893212e-06,107.71175149605952,-0.001038789756971699,0.10546987042161453
213,0.020673765000187493,0.00042740455928297734,107.71308795175726,-0.020673765000187493,0.11019118157044357
214,0.01664592494373051,0.00027708681723230956,107.71261585396849,-0.01664592494373051,0.1101347689860312
215,0.038181501115538224,0.0014578270274358466,107.71634992747452,-0.038181501115538224,0.11252184514726786
216,0.001520658564598034,2.312402470085353e-06,107.71175535120295,0.001520658564598034,0.11494961586955027
217,0.0037296248067805477,1.3910101199352838e-05,107.71179160678622,0.0037296248067805477,0.12000035143126767
218,0.0033242061632181314,1.105034661557741e-05,107.71178266637449,-0.0033242061632181314,0.11737225121438989
219,0.01896383170401321,0.0003596269128981365,107.71287496641547,-0.01896383170401321,0.11481347154801949
220,0.004717997453748589,2.225949997357817e-05,107.71181771137765,-0.004717997453748589,0.114757831401015
221,0.0001440206847083611,2.0741957623865158e-08,107.71174818791299,-0.0001440206847083611,0.11970879915317902
222,0.000876644011555074,7.685047229953727e-07,107.71175052525112,-0.000876644011555074,0.11713442373011586
223,0.020380668575767022,0.0004153716515952574,107.71305012519646,-0.020380668575767022,0.11222566868331842
224,0.009665049625818746,9.341318426953908e-05,107.71204029472715,-0.009665049625818746,0.11456239887721077
225,0.028746175665949867,0.0008263426154176482,107.71434552151791,0.028746175665949867,0.11693740490876561
226,0.00577182837420122,3.33140027812343e-05,107.71185227807848,0.00577182837420122,0.11935114515147878
227,0.009852223684675344,9.706631153287782e-05,107.71205172824206,0.009852223684675344,0.11443598780483573
228,0.02052936593139381,0.0004214548655450728,107.71306924757732,-0.02052936593139381,0.11922136645875253
229,0.010101096578331845,0.0001020321520847873,107.71206727117723,-0.010101096578331845,0.11916801063817993
230,0.04385510185894805,0.001923269959058709,107.71783811880331,0.04385510185894805,0.1191151381085416
231,0.03000881796036411,0.0009005291553782716,107.71458012248885,-0.03000881796036411,0.11665354075293943
232,0.013744116794609185,0.00018890074646385824,107.71233933612693,-0.013744116794609185,0.12394485313532835
233,0.0007826228213859369,6.12498480554084e-07,107.71175003760877,-0.0007826228213859369,0.1238912582307039
234,0.031823469825623965,0.001012733231742399,107.71493538972769,-0.031823469825623965,0.12383814016431724
235,0.0030491650051240864,9.29740722847337e-06,107.71177718635509,0.0030491650051240864,0.12629839338908283
236,0.024253731537256698,0.0005882434934813202,107.71359415244225,-0.024253731537256698,0.1287971044995659
237,0.02818882924988511,0.0007946100944791785,107.71424524457498,0.02818882924988511,0.12620294561262085
238,0.021531777052669666,0.000463617423045872,107.71320182723373,0.021531777052669666,0.12367173911249969
239,0.006185430429125452,3.825954959355107e-05,107.71186774415114,0.006185430429125452,0.12120169983195524
240,0.0023349274150830535,5.4518860337064305e-06,107.71176516498541,-0.0023349274150830535,0.11879110046677735
241,0.005804908434472318,3.369696193260785e-05,107.71185347565914,0.005804908434472318,0.11643826946756165
242,0.01405761246107408,0.00019761646810574526,107.71236665064413,0.01405761246107408,0.11639157105921197
243,0.00469102842703774,2.2005747703276173e-05,107.71181691797177,0.00469102842703774,0.12095804231546206
244,0.00423949276676825,1.797329891948031e-05,107.71180431010092,-0.00423949276676825,0.12327415593909884
245,0.0007212480675431012,5.201987749346579e-07,107.71174974909998,0.0007212480675431012,0.118563986334444
246,0.0074716471236394326,5.582551074018941e-05,107.71192268606495,-0.0074716471236394326,0.11405188628228312
247,0.019050731513613296,0.00036293037120377873,107.71288534273688,0.019050731513613296,0.10972877165143335
248,0.012820104429900791,0.00016435507759356187,107.71226242883827,0.012820104429900791,0.11179662216261803
249,0.005975475131843978,3.57063030512858e-05,107.71185975932414,0.005975475131843978,0.11389514059924201
250,0.009499936271833827,9.024878916890399e-05,107.71203039129689,-0.009499936271833827,0.1096288979079746
251,0.02548442620941293,0.0006494559792230126,107.71378709133114,-0.02548442620941293,0.1137928461586713
252,0.005921878752146451,3.506864795512361e-05,107.71185776521367,0.005921878752146451,0.11375073595672193
253,0.005921878752146451,3.506864795512361e-05,107.71185776521367,0.005921878752146451,0.10751257301381964
254,0.011436097305854803,0.00013078432158897949,107.71215728513658,-0.011436097305854803,0.10949168685899589
255,0.0037710322437078817,1.42206841830845e-05,107.7117925777784,0.0037710322437078817,0.10945210998354493
256,0.016158593835366317,0.00026110015473633833,107.7125657014737,-0.016158593835366317,0.11145147610535494
257,0.011105847161923513,0.00012333984118400454,107.71213397546394,-0.011105847161923513,0.1155857423461695
258,0.0014493187010227362,2.100524697134231e-06,107.71175468890445,-0.0014493187010227362,0.11138822509856888
259,0.016440686081945273,0.000270296158845069,107.7125945493599,0.016440686081945273,0.11548821295820076
260,0.006739866277061935,4.542579743267671e-05,107.71189015679741,-0.006739866277061935,0.11544804864630123
261,0.0019697069589641857,3.87974550419194e-06,107.71176025054373,0.0019697069589641857,0.11130294158634535
262,0.010322619517924847,0.000106556473711843,107.7120814330796,0.010322619517924847,0.1132903925192925
263,0.013788154915742416,0.00019011321598051177,107.71234313573675,-0.013788154915742416,0.11123456895750938
264,0.01494508529139649,0.00022335557436711572,107.7124473341324,-0.01494508529139649,0.1092237119806911
265,0.010284073787481699,0.00010576217366636817,107.71207894672159,-0.010284073787481699,0.11315293091053126
266,0.006103434852611793,3.725191700007634e-05,107.71186459292547,-0.006103434852611793,0.1131153232040271
267,1.3645902052025587e-05,1.862106428134761e-10,107.71174812366067,-1.3645902052025587e-05,0.11307800733950069
268,0.02207206367999782,0.00048717599509387894,107.71327593965557,0.02207206367999782,0.11505274323685981
269,0.015367143792363067,0.00023614910833516276,107.71248744801397,-0.015367143792363067,0.11301159537770314
270,0.020502097601066166,0.000420336006043643,107.7130657303621,0.020502097601066166,0.11297513258019999
271,0.0013156508233954966,1.7309370891012482e-06,107.71175353363297,0.0013156508233954966,0.11293894842296189
272,0.012973573741972052,0.00016831361563838672,107.71227483013404,0.012973573741972052,0.11894692841795633
273,0.0022568561729502043,5.093399785383442e-06,107.71176404436406,0.0022568561729502043,0.12310044222658241
274,0.010201443231521702,0.00010406944400595995,107.71207364814303,-0.010201443231521702,0.125203937646645
275,0.009056220852262913,8.201513612496161e-05,107.7120046248794,0.009056220852262913,0.12733573002627002
276,0.008476882097096433,7.185753008807402e-05,107.71197284159042,-0.008476882097096433,0.12513407137347238
277,0.0011049852948880907,1.2209925019189207e-06,107.71175193963761,-0.0011049852948880907,0.12297830512228229
278,0.014525337536883846,0.00021098543056040687,107.71240855436983,-0.014525337536883846,0.12294086417411267
279,0.016016893210752736,0.00025654086812465705,107.71255140030823,-0.016016893210752736,0.12714144992322082
280,0.027180723419785086,0.0007387917256228534,107.71406895819158,0.027180723419785086,0.12497461249388764
281,0.005635311547270518,3.175673623480043e-05,107.71184740829584,0.005635311547270518,0.1270578248092808
282,0.004166637518412855,1.7360868209845634e-05,107.71180239533271,0.004166637518412855,0.1335742832790884
283,0.019890248370226796,0.00039562198022930975,107.71298805356008,0.019890248370226796,0.12914562203587632
284,0.02291611405365934,0.0005251482833203231,107.71339544534828,0.02291611405365934,0.12910793774986903
285,0.010521479682783677,0.0001107015347152297,107.71209440859154,-0.010521479682783677,0.12907052683898537
286,0.006854116225943672,4.697890923874433e-05,107.71189501448578,-0.006854116225943672,0.12483541306797029
287,0.0016124733775427329,2.6000703932840686e-06,107.71175625041323,0.0016124733775427329,0.12075332580694129
288,0.020203757776618595,0.00040819182829627637,107.71302755767621,-0.020203757776618595,0.11681823115951899
289,0.011600008794506352,0.0001345602040326247,107.71216910883044,0.011600008794506352,0.116785306608374
290,0.022624812154767346,0.0005118821250385083,107.71335368739855,0.022624812154767346,0.11675261665545662
291,0.0014842938520731402,2.2031282393021207e-06,107.71175500962767,-0.0014842938520731402,0.11863297687634808
292,0.0029757092248627656,8.854845390933361e-06,107.71177580284379,-0.0029757092248627656,0.126539951211659
293,0.0024313882668371214,5.911648904113221e-06,107.71176660220354,-0.0024313882668371214,0.12856425304316235
294,0.013890402082008783,0.00019294326999987394,107.71235200473879,0.013890402082008783,0.13488569671452802
295,0.0051897389796354415,2.6933390676747515e-05,107.71183232569453,-0.0051897389796354415,0.13270397145882176
296,0.008661441961214688,7.502057684749055e-05,107.71198273833912,0.008661441961214688,0.130564799101634
297,0.0015737070834618968,2.4765539845381493e-06,107.71175586431752,0.0015737070834618968,0.13052994513772767
298,0.008465560268262576,7.166571065558593e-05,107.71197224142676,0.008465560268262576,0.12843996435890978
299,0.003685480949811481,1.3582769831423335e-05,107.7117905834371,0.003685480949811481,0.12639033738869818
300,0.01522995186599777,0.00023195143384060896,107.71247428552215,0.01522995186599777,0.1224339762301399
301,0.01015866861627825,0.00010319854805535666,107.71207092211374,-0.01015866861627825,0.12240215094745974
302,0.005281850931792408,2.7897949265676333e-05,107.71183534179045,0.005281850931792408,0.1223705431461402
303,0.0012574945351867617,1.5812925060245698e-06,107.71175306586971,0.0012574945351867617,0.12426453855965526
304,0.015078328032082283,0.00022735597624307837,107.71245987657174,-0.015078328032082283,0.12231421404506283
305,0.01484741026439024,0.00022044559155912067,107.71243821090391,-0.01484741026439024,0.12040080480363083
306,0.008141449958247957,6.628320742265566e-05,107.71195540131357,-0.008141449958247957,0.12037051699276659
307,0.0034590444747880757,1.1964988678561914e-05,107.71178552576986,0.0034590444747880757,0.11849980202288427
308,0.007797951657284062,6.080805004933925e-05,107.71193827257326,-0.007797951657284062,0.11666415004226592
309,0.015318441186584736,0.00023465464038685557,107.71248276178093,0.015318441186584736,0.11311715719191553
310,0.0177873301678501,0.0003163891145001102,107.71273919700235,0.0177873301678501,0.11137621077782103
311,0.015596095558010418,0.0002432381966545923,107.7125096786979,-0.015596095558010418,0.11305636640737715
312,0.008434373507503683,7.113865646407999e-05,107.71197059239037,-0.008434373507503683,0.10965166626521679
313,0.01961133163178739,0.00038460432837194463,107.71295343313724,-0.01961133163178739,0.10798025863745549
314,0.003924822316740543,1.5404230217984606e-05,107.71179627799899,0.003924822316740543,0.1079544546940561
315,0.008241141024724329,6.791640538939437e-05,107.71196051093267,0.008241141024724329,0.10631938297698924
316,0.023253376658842057,0.0005407195260379806,107.71344446852933,0.023253376658842057,0.10471418046128296
317,0.011876270979445349,0.00014104581237721578,107.71218941909328,0.011876270979445349,0.10626437964955404
318,2.482864836180626e-05,6.164617794742247e-10,107.71174812500556,-2.482864836180626e-05,0.10467011489124921
319,0.014275806623643071,0.00020379865475565138,107.71238602717278,-0.014275806623643071,0.10310469955018113
320,0.00995953360870064,9.919230970283759e-05,107.71205838242619,-0.00995953360870064,0.1030809713215541
321,0.02254373410205022,0.000508219947263942,107.71334216125648,-0.02254373410205022,0.11094249127337323
322,0.0024944616295596352,6.222338821345311e-06,107.71176757342485,-0.0024944616295596352,0.11422657395262212
323,0.02607366396070809,0.0006798359523359278,107.71388290649955,-0.02607366396070809,0.11420076973960958
324,0.01876972172343323,0.0003523024535751213,107.712851961584,-0.01876972172343323,0.11251921759034114
325,0.00030056350753110764,9.03384220594022e-08,107.71174840545487,-0.00030056350753110764,0.11414455111949376
326,0.010217623434059703,0.00010439982864024601,107.71207468230273,-0.010217623434059703,0.11247415493288206
327,0.0016910802205007663,2.8597523121689203e-06,107.71175706214615,0.0016910802205007663,0.1124493613011504
328,0.01857282502237175,0.00034494982931163824,107.71282887057546,-0.01857282502237175,0.11405904111872642
329,0.026121976364571385,0.000682357649191226,107.71389086141704,-0.026121976364571385,0.11403420135076661
330,0.0004540151625021596,2.061297677818624e-07,107.71174876739134,0.0004540151625021596,0.11565681484078892
331,0.024948477888007397,0.000622426548928394,107.71370187627012,-0.024948477888007397,0.11729761516227517
332,0.01235419201439221,0.00015262606032847225,107.71222568810262,-0.01235419201439221,0.11895675153889038
333,0.001994074434633354,3.97633285085833e-06,107.71176055246849,-0.001994074434633354,0.11725258635728047
334,0.01087858508853089,0.00011834361352840664,107.71211833291622,0.01087858508853089,0.12059867127281253
335,0.007894552956136325,6.23239663772408e-05,107.71194301491035,-0.007894552956136325,0.11888131525946105
336,0.007894552956136325,6.23239663772408e-05,107.71194301491035,-0.007894552956136325,0.11393688983658191
337,0.009180760581022258,8.428636484605215e-05,107.71201173218256,0.009180760581022258,0.11075702307943805
338,0.0014228531803864054,2.024511172935709e-06,107.7117544512979,-0.0014228531803864054,0.1138803110602711
339,0.00853094686888586,7.277705447975346e-05,107.71197571861514,0.00853094686888586,0.11385694488558903
340,0.004080875967399948,1.665354866130246e-05,107.7118001839138,0.004080875967399948,0.11225947417031538
341,0.013278605121502815,0.00017632135397280079,107.71229991877964,0.013278605121502815,0.1106890430655433
342,0.009534296511205518,9.090280996358572e-05,107.71203243811443,-0.009534296511205518,0.10914511604143651
343,0.013541702354157803,0.000183377702648603,107.71232202892308,0.013541702354157803,0.10912323823241643
344,0.0014728726948880517,2.1693539753467918e-06,107.71175490405435,-0.0014728726948880517,0.10613892787644423
345,0.00320818765028447,1.0292467999437788e-05,107.71178029708693,0.00320818765028447,0.11057855995631785
346,0.01169826606084174,0.00013684942883024172,107.71217627753947,-0.01169826606084174,0.10905403306230711
347,0.008952343967046864,8.014446250432039e-05,107.71199877118792,-0.008952343967046864,0.1075548642273622
348,0.006415186540403043,4.115461834816837e-05,107.71187679830032,0.006415186540403043,0.10753391734179808
349,0.003181394416602914,1.0121270433992196e-05,107.71177976189077,0.003181394416602914,0.10898185192542816
350,0.008499822868246042,7.224698879155837e-05,107.71197406013157,0.008499822868246042,0.10896086786367858
351,0.009982364846851778,9.964760793566213e-05,107.71205980749382,-0.009982364846851778,0.11041976768005557
352,0.008934635249679319,7.982770704481222e-05,107.71199778001485,-0.008934635249679319,0.11189405666530458
353,0.0012293960989972685,1.5114147682297016e-06,107.71175284744419,0.0012293960989972685,0.11038203159931309
354,0.024836292155975617,0.0006168414080569759,107.71368427198217,0.024836292155975617,0.1118476001624347
355,0.004053947128834327,1.6434487323384085e-05,107.71179949902762,0.004053947128834327,0.10888243656238931
356,0.006713163817932924,4.506656844640375e-05,107.71188903324666,-0.006713163817932924,0.11032007953960442
357,0.007617535890450335,5.802685304229898e-05,107.71192957223134,-0.007617535890450335,0.11029965886917613
358,0.00039208705673996706,1.5373226006301015e-07,107.711748603609,0.00039208705673996706,0.11027935535532404
359,0.025495351337618218,0.0006500129398285911,107.7137888475733,-0.025495351337618218,0.11320714410414104
360,0.002886883082289418,8.33409393080885e-06,107.71177417491126,0.002886883082289418,0.11318653523361023
361,0.019342367039550137,0.0003741271626926755,107.71292051583394,0.019342367039550137,0.11316604359156225
362,0.01256819326517166,0.00015795948195070628,107.7122423941372,-0.01256819326517166,0.11314566818092245
363,0.002633097110811151,6.9332003949620316e-06,107.71176979560416,0.002633097110811151,0.11611643206796135
364,0.00014052192373501665,1.9746411050189838e-08,107.71174818480112,-0.00014052192373501665,0.11761632658356719
365,0.0008097198727234252,6.556462722832399e-07,107.71175017247948,-0.0008097198727234252,0.1191314863357885
366,0.007362741391815851,5.420996080275842e-05,107.7119176324854,-0.007362741391815851,0.12066202508694063
367,0.002567920140260598,6.594213846756008e-06,107.71176873591713,0.002567920140260598,0.11756657530868156
368,0.039662769182333794,0.0015731352592110873,107.71671775414038,0.039662769182333794,0.11906890415552777
369,0.008631877662627206,7.450931198256252e-05,107.7119811386313,-0.008631877662627206,0.11904826802883654
370,0.008631877662627206,7.450931198256252e-05,107.7119811386313,-0.008631877662627206,0.11454282033336483
371,0.01200372585617343,0.00014408943443016656,107.71219895108173,-0.01200372585617343,0.11452318114338268
372,0.009057396363184794,8.203642887983312e-05,107.7120046915093,0.009057396363184794,0.11162425717051985
373,0.0023393490755871417,5.472554097450415e-06,107.71176522959355,0.0023393490755871417,0.11019687540516274
374,0.00688156944390886,4.73559980113401e-05,107.7118961939267,0.00688156944390886,0.1101782819283039
375,0.006812554282221564,4.641089584821537e-05,107.71189323789093,0.006812554282221564,0.11015979016954779
376,0.005126580506575766,2.6281827690402637e-05,107.71183028833258,0.005126580506575766,0.11014139929673095
377,0.0012643704498096035,1.5986326343517392e-06,107.71175312007192,-0.0012643704498096035,0.11292582434652211
378,0.0012643704498096035,1.5986326343517392e-06,107.71175312007192,-0.0012643704498096035,0.10874076927393479
379,0.008720094500990087,7.604004810619756e-05,107.71198592821807,-0.008720094500990087,0.10737230528594434
380,0.005419955022767802,2.9375912448825927e-05,107.71183996333697,0.005419955022767802,0.11006528326312234
381,0.004894097157850084,2.395218699047627e-05,107.71182300396299,-0.004894097157850084,0.11004738522652287
382,0.00783522507523898,6.139075197965367e-05,107.71194009546512,-0.00783522507523898,0.10867336998734832
383,0.004345418098257238,1.8882658448661548e-05,107.71180715324805,0.004345418098257238,0.10865588158125113
384,0.009054258961266898,8.197960533768194e-05,107.71200451369548,-0.009054258961266898,0.10998719526068783
385,0.027943633244128137,0.0007808466388823432,107.71420176437209,-0.027943633244128137,0.10862464774884781
386,0.0021003782314926067,4.41158871532801e-06,107.71176191305035,-0.0021003782314926067,0.10994876603344077
387,0.010145218291261615,0.00010292545417734923,107.7120700672973,0.010145218291261615,0.11265645365827484
388,0.015324091575207664,0.0002348277826053505,107.7124833047016,0.015324091575207664,0.10992109712456694
389,0.00918676989449938,8.439674109448015e-05,107.71201207758595,0.00918676989449938,0.11125080921702377
390,0.0014795307657671291,2.1890112868514674e-06,107.71175496550018,-0.0014795307657671291,0.11259319728556445
391,0.007097948549511101,5.0380873611506746e-05,107.71190565521144,-0.007097948549511101,0.11257580887526251
392,0.007097948549511101,5.0380873611506746e-05,107.71190565521144,-0.007097948549511101,0.10854992497372058
393,0.013384832616258158,0.0001791537441652482,107.71230879344981,0.013384832616258158,0.10853333046767952
394,0.004710718908301327,2.219087263302765e-05,107.71181749680063,-0.004710718908301327,0.1098297904693345
395,0.019792175122829804,0.000391730196092763,107.7129758239415,-0.019792175122829804,0.11113845484709528
396,0.016501978312471924,0.0002723152882252937,107.7126008838527,-0.016501978312471924,0.11245940774211804
397,0.018398698648568135,0.0003385121119608229,107.71280865472258,0.018398698648568135,0.11379273366471752
398,0.021558117753753173,0.00046475244108468773,107.7132053973246,-0.021558117753753173,0.11377577021733953
399,0.02600315481886974,0.0006761640605341086,107.71387132367114,-0.02600315481886974,0.1151180204279785
400,0.007640599082974428,5.837875434674967e-05,107.7119306730564,-0.007640599082974428,0.11374546482480949
401,0.007423288073758992,5.5105205826012486e-05,107.71192043287542,-0.007423288073758992,0.11107225849207539
402,0.006639170030245436,4.407857869050919e-05,107.71188594316617,0.006639170030245436,0.11105602712637479
403,0.006511493440069311,4.2399546820065667e-05,107.71188069184647,-0.006511493440069311,0.1123533378879191
404,0.005585180879156239,3.1194245452892454e-05,107.71184564933648,-0.005585180879156239,0.11102702739024789
405,0.005953214784642936,3.5440766272091236e-05,107.71185892892068,-0.005953214784642936,0.11363967472400587
406,0.005556869528942842,3.087879896169344e-05,107.71184466291277,0.005556869528942842,0.11362339246688992
407,0.038163832007924864,0.0014564780735291103,107.71634562772428,0.038163832007924864,0.11229198961852326
408,0.009590202685774412,9.197198755423475e-05,107.7120357842419,0.009590202685774412,0.11097941717769787
409,0.017789101157963668,0.00031645212000826434,107.71273939478601,0.017789101157963668,0.10842170711115365
410,0.007131264239466455,5.0854929653093084e-05,107.71190713801136,-0.007131264239466455,0.10716056470596524
411,0.0133812688764691,0.00017905835674436062,107.71230849456882,0.0133812688764691,0.10838828043930002
412,0.006449655737821107,4.1598059136408725e-05,107.7118781851654,0.006449655737821107,0.10962708189002165
413,0.024957885837594927,0.0006228960654824214,107.71370335624009,-0.024957885837594927,0.11215678663223184
414,0.002313104060000258,5.350450392389678e-06,107.7117648478989,0.002313104060000258,0.11473861059738863
415,0.0019805961312696135,3.92276103520016e-06,107.71176038500698,0.0019805961312696135,0.1187216902332569
416,0.011633465831889896,0.00013533752726174966,107.7121715429938,-0.011633465831889896,0.11736068476798497
417,0.00244944759641026,5.999793527560001e-06,107.71176687774452,-0.00244944759641026,0.11470727242816375
418,0.015186903301790879,0.0002306420318979467,107.71247017983174,-0.015186903301790879,0.11732252489984792
419,0.015133317031020922,0.0002290172843613879,107.71246508546155,-0.015133317031020922,0.11864128554553553
420,0.023991409556391764,0.0005755877325025261,107.71355428186921,0.023991409556391764,0.11862539672678987
421,0.014177727579793652,0.00020100795932684155,107.71237728023077,-0.014177727579793652,0.11995253785259603
422,0.03791741137329614,0.0014377300852517676,107.71628587705752,0.03791741137329614,0.121291381602161
423,0.021690070351672634,0.0004704591518605082,107.71322334806501,-0.021690070351672634,0.12127536657240494
424,0.007218675752717535,5.210927962287207e-05,107.71191106153863,-0.007218675752717535,0.12125942880763312
425,0.016373727931910886,0.0002680989663882387,107.71258765643663,0.016373727931910886,0.1212435677501743
426,0.00661151707147823,4.371215798644807e-05,107.71188479714306,-0.00661151707147823,0.12258425350730165
427,0.024288729617463072,0.0005899423864302279,107.71359950513263,0.024288729617463072,0.12121521797720106
428,0.0010827831259866,1.1724192979213133e-06,107.71175178780703,-0.0010827831259866,0.1211995833432857
429,0.022790963104902244,0.0005194279992490154,107.713377438669,0.022790963104902244,0.11853527209886024
430,0.005997814230322092,3.5973775541454186e-05,107.71186059578412,0.005997814230322092,0.11983394916120074
431,0.002875682766963995,8.269551376213699e-06,107.71177397314415,-0.002875682766963995,0.11981870629151778
432,0.01973721875718763,0.0003895578042690792,107.71296899765382,-0.01973721875718763,0.12246191544721372
433,0.0025088743413786124,6.294450460827966e-06,107.71176779884752,0.0025088743413786124,0.12244648132226266
434,0.007248419663665918,5.253958762061874e-05,107.71191240753011,-0.007248419663665918,0.12110106971789729
435,0.010532792263675834,0.0001109397128697495,107.71209515419578,0.010532792263675834,0.12375413328384567
436,0.0022801208168884337,5.198950939607978e-06,107.71176437431444,0.0022801208168884337,0.12509152898397444
437,0.0037669986013979407,1.4190278462934041e-05,107.7117924827192,-0.0037669986013979407,0.12372650229380731
438,0.002548329530408899,6.493983395554039e-06,107.71176842259322,-0.002548329530408899,0.12371126144924577
439,0.005933939519105086,3.52116382163971e-05,107.71185821237927,-0.005933939519105086,0.12236745470968383
440,0.009579410027152764,9.176509646831493e-05,107.71203513674612,0.009579410027152764,0.11974407479437382
441,0.0187422612136005,0.00035127235539883376,107.71284872640993,-0.0187422612136005,0.12102361719428564
442,0.00711178461930332,5.0577480471359266e-05,107.71190627017691,0.00711178461930332,0.12231393729287182
443,0.00711178461930332,5.0577480471359266e-05,107.71190627017691,0.00711178461930332,0.1184349767979592
444,0.019830950564553734,0.000393266600293774,107.71298065189153,0.019830950564553734,0.12097700820504914
445,0.0016568946979574426,2.745300040119485e-06,107.71175670438242,-0.0016568946979574426,0.12225822682478986
446,0.004962702967224562,2.4628420740899473e-05,107.7118251184013,0.004962702967224562,0.12355014147645249
447,0.00042654109221525703,1.819373033481844e-07,107.71174869177136,0.00042654109221525703,0.12353552682188733
448,0.008635231874392326,7.456722952452121e-05,107.71198131985022,0.008635231874392326,0.1209339528179968
449,0.013863757654035004,0.00019220377628981417,107.71234968723395,0.013863757654035004,0.12350069999050234
450,0.012673987283587429,0.00016062995366453585,107.71225075938716,-0.012673987283587429,0.1247942634748816
451,0.0017715112506689924,3.138252111246818e-06,107.71175793270454,0.0017715112506689924,0.127431190996637
452,0.007233488784039354,5.2323359988823134e-05,107.7119117311751,-0.007233488784039354,0.13011787684012463
453,0.005670239871311767,3.2151620198213686e-05,107.7118486431416,0.005670239871311767,0.13010288885170632
454,0.01175457569095459,0.0001381700496743806,107.7121804131654,-0.01175457569095459,0.13145372124459026
455,0.014730606680315481,0.0002169907731701551,107.71242738000021,-0.014730606680315481,0.13281561002584094
456,0.009822474437414769,9.648100407366657e-05,107.71204989631565,-0.009822474437414769,0.13418862149307179
457,0.020350733665994783,0.00041415236074425347,107.71304629258465,0.020350733665994783,0.13417343303307705
458,0.003016129320168426,9.097036075979651e-06,107.7117765599653,0.003016129320168426,0.13277651899104156
459,0.009583077192368752,9.183536847489815e-05,107.71203535667239,0.009583077192368752,0.13139716404589846
460,0.0006637162838616312,4.405193054630934e-07,107.71174950003959,-0.0006637162838616312,0.1313824842096506
461,0.003716108370664103,1.3809461422519813e-05,107.7117912921516,0.003716108370664103,0.13136786939699754
462,0.030826624185042475,0.0009502807586458457,107.71473758316895,0.030826624185042475,0.13270845503971015
463,0.007492746944114191,5.6141256768532546e-05,107.71192367375868,0.007492746944114191,0.13134173252264986
464,0.0012251341931431839,1.5009537912086002e-06,107.71175281474505,0.0012251341931431839,0.1313273098916433
465,0.024177480693312714,0.000584550572675509,107.71358251760358,-0.024177480693312714,0.13265892178752117
466,0.013026192702728864,0.0001696816963286267,107.71227911620718,-0.013026192702728864,0.1353717536450092
467,0.0013530541069496776,1.8307554163333898e-06,107.71175384564845,0.0013530541069496776,0.13263585533969735
468,0.02135105216575913,0.0004558674285849677,107.7131774518237,0.02135105216575913,0.13128449219322025
469,0.0002115827171683967,4.476724620436175e-08,107.71174826301026,0.0002115827171683967,0.1312703805253017
470,0.018158065203818807,0.0003297153319461353,107.71278103372885,-0.018158065203818807,0.13125633014346033
471,0.03244847235696477,0.0010529033583007068,107.71506270843412,-0.03244847235696477,0.129927550620852
472,0.029196664056121476,0.0008524451920060158,107.71442803942182,-0.029196664056121476,0.1286150131736846
473,0.0027284026088053113,7.444180795735628e-06,107.7117713929608,-0.0027284026088053113,0.13252831393754605
474,0.01798402901355495,0.0003234252995603863,107.71276128567592,-0.01798402901355495,0.1365521132421171
475,0.009370894656257032,8.78136666586666e-05,107.71202277051876,0.009370894656257032,0.13790783870754977
476,0.013627894876219217,0.000185719518757282,107.71232936716255,0.013627894876219217,0.1406687304879339
477,0.006176608179813891,3.815048860694387e-05,107.71186740307652,0.006176608179813891,0.14636059871204912
478,0.005270024071320302,2.777315371229541e-05,107.71183495156272,-0.005270024071320302,0.14347008276076217
479,0.010563785840091018,0.00011159357127530751,107.71209720107763,0.010563785840091018,0.14345529628613723
480,0.008392717646037863,7.043770948611533e-05,107.7119683993,0.008392717646037863,0.1434405726642025
481,0.006198751247882632,3.842451703312648e-05,107.71186826006709,-0.006198751247882632,0.1406252385861322
482,0.009656243878956769,9.324304584989006e-05,107.71203976224369,-0.009656243878956769,0.1420013223007763
483,0.0066423269565607755,4.4120507397853935e-05,107.71188607430342,0.0066423269565607755,0.14480294268265081
484,0.008353897778403441,6.978760809201396e-05,107.71196636531154,0.008353897778403441,0.14337644425366636
485,0.02460929356571303,0.0006056173298034447,107.713648897835,-0.02460929356571303,0.1476301742879459
486,0.0008289213466872829,6.871105989938586e-07,107.71175027083027,-0.0008289213466872829,0.14761539273888508
487,0.005332204182353136,2.8432401442304276e-05,107.7118370129957,0.005332204182353136,0.1505038426300677
488,0.032997341565789096,0.0010888245504093528,107.71517661809932,0.032997341565789096,0.14903335024948608
489,0.002183163630731684,4.766203438549548e-06,107.71176302155912,-0.002183163630731684,0.14615568718359856
490,0.026557380445952582,0.0007052944561510646,107.71396322998338,-0.026557380445952582,0.14614129041740725
491,0.005686439950547472,3.2335599311182334e-05,107.71184921846682,-0.005686439950547472,0.15188383190770716
492,0.02383076750835129,0.0005679054800370916,107.71353008309164,0.02383076750835129,0.15632539738905926
493,0.0032036698443767744,1.0263500471769106e-05,107.71178020652884,0.0032036698443767744,0.15782130443500686
494,0.008657270772377247,7.494833722625734e-05,107.71198251230632,0.008657270772377247,0.15932849770185223
495,0.008799975329789201,7.743956580489855e-05,107.71199030731654,0.008799975329789201,0.16084703958270447
496,0.0019021637212954029,3.618226822612375e-06,107.71175943305806,0.0019021637212954029,0.15778472625160697
497,0.006485417175716579,4.20606359430796e-05,107.7118796318874,-0.006485417175716579,0.1577696172869131
498,0.0014338266783384323,2.055858943515022e-06,107.71175454928618,-0.0014338266783384323,0.15775457018055522
499,0.013581040470261516,0.00018444466025488115,107.71232537227826,-0.013581040470261516,0.1562472516816503
