,abs_amplitude,amplitude_squared,surface_energy,param_0,real_group_sampling_width
0,0.2506374079216564,0.06281911024968678,599.8815157187017,0.2506374079216564,0.036642035530946436
1,0.3158259742104569,0.09974604598598417,596.8860987683739,0.3158259742104569,0.036620367425086855
2,0.43932054298750906,0.1930025394908398,590.3085388006958,0.43932054298750906,0.03747637909018145
3,0.50523615959908,0.255263576966427,586.7497769958321,0.50523615959908,0.036577069645806634
4,0.6286851920039336,0.39524507064502284,581.5593598576876,0.6286851920039336,0.03743206921280548
5,0.6790328887431699,0.46108566399489415,580.7544571254516,0.6790328887431699,0.037409933924017785
6,0.67953165359892,0.4617632682428826,580.7527386836898,0.67953165359892,0.035657131849677746
7,0.67953165359892,0.4617632682428826,580.7527386836898,0.67953165359892,0.0331905197003559
8,0.67953165359892,0.4617632682428826,580.7527386836898,0.67953165359892,0.030894537525447918
9,0.6860413723076907,0.47065276451781946,580.7436567076181,0.6860413723076907,0.03015317056175674
10,0.6860413723076907,0.47065276451781946,580.7436567076181,0.6860413723076907,0.02806729957354165
11,0.6836985381073176,0.46744369101008326,580.7440278894746,0.6836985381073176,0.026752236547406702
12,0.6836985381073176,0.46744369101008326,580.7440278894746,0.6836985381073176,0.024901628036112164
13,0.6836985381073176,0.46744369101008326,580.7440278894746,0.6836985381073176,0.023179036928372167
14,0.6836985381073176,0.46744369101008326,580.7440278894746,0.6836985381073176,0.02157560751239633
15,0.6858147050849672,0.47034180971078055,580.743547459637,0.6858147050849672,0.02056470571076029
16,0.6854198134421307,0.4698003206590452,580.7434318089867,0.6854198134421307,0.019601168621889063
17,0.6854198134421307,0.4698003206590452,580.7434318089867,0.6854198134421307,0.01824524126162117
18,0.6854198134421307,0.4698003206590452,580.7434318089867,0.6854198134421307,0.016983111319343446
19,0.6851781352990298,0.4694690770918556,580.743407710968,0.6851781352990298,0.016187385969767737
20,0.6863460450069496,0.47107089349668174,580.7438529478038,0.6863460450069496,0.01579894211697924
21,0.6863460450069496,0.47107089349668174,580.7438529478038,0.6863460450069496,0.014706036979895821
22,0.6841691144744773,0.46808737720079036,580.7436880705775,0.6841691144744773,0.014017001490658198
23,0.6839514419317938,0.46778957492057993,580.7438287921827,0.6839514419317938,0.013360250015535185
24,0.6839514419317938,0.46778957492057993,580.7438287921827,0.6839514419317938,0.012436043460021261
25,0.6845363433051332,0.4685900053055632,580.7435150811962,0.6845363433051332,0.012137619449864346
26,0.6845363433051332,0.4685900053055632,580.7435150811962,0.6845363433051332,0.01129798939422511
27,0.6845363433051332,0.4685900053055632,580.7435150811962,0.6845363433051332,0.01051644145536707
28,0.6843160571746656,0.4682884661070802,580.7436091318914,0.6843160571746656,0.01026408155957062
29,0.6867491486922813,0.4716243932295731,580.7441998965226,0.6867491486922813,0.009783169096978421
30,0.6867491486922813,0.4716243932295731,580.7441998965226,0.6867491486922813,0.009106410128948998
31,0.6850760387514239,0.4693291788713424,580.7434081562496,0.6850760387514239,0.008679739111667003
32,0.6872999163664815,0.4723811750373724,580.7448353404772,0.6872999163664815,0.008273059304358047
33,0.6865567465354296,0.47136016621331417,580.7440218715362,0.6865567465354296,0.008074533178117873
34,0.6848507201122438,0.4690205088382589,580.7434314330116,0.6848507201122438,0.00826327772320748
35,0.6836542220244322,0.4673830952918316,580.7440667107786,0.6836542220244322,0.00825839127042561
36,0.6881317178485217,0.47352526110915744,580.7461503095305,0.6881317178485217,0.008060217128602446
37,0.6869900987048174,0.4719553957184548,580.7444549104831,0.6869900987048174,0.00786679851230494
38,0.6864528414793354,0.47121750357505354,580.7439351706273,0.6864528414793354,0.007498208159304327
39,0.6869209015626002,0.4718603250035755,580.744378020123,0.6869209015626002,0.00749377412702968
40,0.6859458915540317,0.47052176613985547,580.743606871064,0.6859458915540317,0.007142661428964731
41,0.6860158812339113,0.4706177893051399,580.7436428584081,0.6860158812339113,0.006971261121971824
42,0.6852882055267278,0.4696199246340427,580.7434142978551,0.6852882055267278,0.006803973856809254
43,0.6866787404058836,0.4715276925254109,580.7441321140121,0.6866787404058836,0.0064851810058463724
44,0.6832057544239296,0.4667701028779708,580.7445254204661,0.6832057544239296,0.006481346022704276
45,0.6832563366165575,0.4668392215266785,580.7444676946442,0.6832563366165575,0.006325815103443025
46,0.6854883811094805,0.46989432063609643,580.7434450942496,0.6854883811094805,0.006628927051728977
47,0.685856802358775,0.4703995533418037,580.7435653822828,0.685856802358775,0.006469854674716615
48,0.6862241860275579,0.47090363348918435,580.7437676520841,0.6862241860275579,0.0063145995098912175
49,0.6855190143086441,0.46993631897869503,580.7434519516779,0.6855190143086441,0.00616306995675524
50,0.6862162103639858,0.47089268736631007,580.7437623860242,0.6862162103639858,0.0061594254525592276
51,0.6845912374878066,0.4686651624450864,580.7434961856707,0.6845912374878066,0.006011619564800441
52,0.681871315366572,0.46494849071973904,580.7465952228048,0.681871315366572,0.005867360530660459
53,0.686067660170404,0.47068883433169295,580.7436714049472,0.686067660170404,0.006148504865842909
54,0.6850622827277673,0.4693103312161793,580.743408698168,0.6850622827277673,0.006000961036132701
55,0.6853101893562024,0.46965005563543394,580.7434164925603,0.6853101893562024,0.0061412352335234325
56,0.6867614477467217,0.4716412861111731,580.744212049212,0.6867614477467217,0.006137603641194555
57,0.6878504429892992,0.47313823192057514,580.7456576476443,0.6878504429892992,0.005990321404907176
58,0.6864922567418156,0.4712716185664708,580.7439672809367,0.6864922567418156,0.006277357614819823
59,0.6840793741780483,0.46796459017583025,580.7437426479104,0.6840793741780483,0.006126721744285451
60,0.6853880227628991,0.4697567417468363,580.7434266171498,0.6853880227628991,0.006123098734444326
61,0.6853763518193308,0.4697407436331751,580.7434248649333,0.6853763518193308,0.006119477867054068
62,0.685430386041174,0.46981481410855286,580.7434336714616,0.685430386041174,0.006885200229146611
63,0.6854196450350352,0.4698000897999536,580.7434317798686,0.6854196450350352,0.006719978141452834
64,0.6861934001034531,0.47086138234553765,580.7437475397434,0.6861934001034531,0.006405120819069378
65,0.6854275476734033,0.46981092310957556,580.743433164795,0.6854275476734033,0.006251419053189335
66,0.6844707351780913,0.4685001873152368,580.7435400426401,0.6844707351780913,0.006397547779064948
67,0.6841531071318914,0.46806547399822124,580.7436974520691,0.6841531071318914,0.006244027741157669
68,0.6845326983835945,0.4685850151563252,580.7435164000321,0.6845326983835945,0.006389983692979814
69,0.6842365927426454,0.46817971484806475,580.7436502123,0.6842365927426454,0.0062366451681807825
70,0.6849732663843735,0.4691883756612779,580.743414969667,0.6849732663843735,0.006535484390760422
71,0.6864839813116957,0.47126025659755666,580.7439604602866,0.6864839813116957,0.0065316196609338534
72,0.6830301061325635,0.466530125883461,580.7447376760178,0.6830301061325635,0.006684298156941797
73,0.6836690901465774,0.467403424821849,580.7440535555199,0.6836690901465774,0.0065238970561019936
74,0.6854890036007166,0.4698951740575033,580.743445227928,0.6854890036007166,0.006676395033991586
75,0.6850053532870796,0.4692323340319567,580.7434121571237,0.6850053532870796,0.0063635797510653335
76,0.6862478538463205,0.4709361169086808,580.7437835080071,0.6862478538463205,0.0060654210905729
77,0.6852461156265063,0.46956223898121524,580.7434109127723,0.6852461156265063,0.005919870997333197
78,0.6835925623185674,0.46729879125726437,580.7441226745834,0.6835925623185674,0.005916370307767604
79,0.6843937704186446,0.4683948329878484,580.7435726233846,0.6843937704186446,0.0063485407983595405
80,0.6855695095138071,0.4700055523750021,580.7434644990097,0.6855695095138071,0.006496939773078781
81,0.6867094354017301,0.471569848669763,580.7441612900823,0.6867094354017301,0.00664880761669202
82,0.683976021405301,0.46782319785742477,580.7438114810518,0.683976021405301,0.006644875873676356
83,0.6858098878404484,0.4703352022597284,580.7435454775298,0.6858098878404484,0.006800201766367317
84,0.6855615287304397,0.46999460967521756,580.74346241287,0.6855615287304397,0.006796180497089966
85,0.6836444812146237,0.467369776695212,580.7440754009251,0.6836444812146237,0.006955043179052356
86,0.6857843736530729,0.4703002071467375,580.7435352149912,0.6857843736530729,0.006629172138057523
87,0.6850713826345866,0.4693227993048641,580.7434083268691,0.6850713826345866,0.006625252006395418
88,0.6866947822208722,0.4715497239293711,580.7441472898604,0.6866947822208722,0.006466267818345204
89,0.6844676413632651,0.4684959520733913,580.7435412836289,0.6844676413632651,0.006311098726237844
90,0.685849024990055,0.470388885079809,580.7435619898464,0.685849024990055,0.006015399007516543
91,0.6869665568064663,0.47192305017053193,580.7444284205369,0.6869665568064663,0.006011841827884084
92,0.6843610642313269,0.46835006623583436,580.7435875462226,0.6843610642313269,0.006152370366924546
93,0.6843610642313269,0.46835006623583436,580.7435875462226,0.6843610642313269,0.005726774961266004
94,0.6834342030343402,0.46708230987718374,580.7442767906035,0.6834342030343402,0.005723388458188414
95,0.6850776826164502,0.4693314312191257,580.7434080991427,0.6850776826164502,0.005997634132143472
96,0.6829108348600536,0.4663672083692553,580.7448922398078,0.6829108348600536,0.005716621458629917
97,0.6858155848210573,0.47034301638344883,580.7435478231396,0.6858155848210573,0.005850249136274815
98,0.68442425194519,0.46843655665073286,580.7435592941681,0.68442425194519,0.006277589702836298
99,0.6841028144119998,0.4679966606864191,580.7437279266301,0.6841028144119998,0.006736146027150171
100,0.6846563249119578,0.46875428324194834,580.7434761317386,0.6846563249119578,0.006574500748498075
101,0.6854842702431571,0.4698886847507936,580.7434442173562,0.6854842702431571,0.006728181602312559
102,0.686814278717433,0.47171385345014766,580.7442653083425,0.686814278717433,0.006566727443577844
103,0.6882900970095788,0.47374325764145536,580.7464493683916,0.6882900970095788,0.006562844238309994
104,0.6845131015840639,0.46855818624023493,580.7435236277012,0.6845131015840639,0.006716252617832252
105,0.6844147399225909,0.4684235362233078,580.7435633937374,0.6844147399225909,0.007038073028780357
106,0.6856167205428698,0.47007028748795965,580.74347763122,0.6856167205428698,0.007202590018533344
107,0.6842181067593298,0.4681544176173216,580.7436603121612,0.6842181067593298,0.007547714094643999
108,0.6846908169331499,0.46880151479258425,580.7434665386855,0.6846908169331499,0.007366593860151212
109,0.6817534297659542,0.46478773899764186,580.746828497014,0.6817534297659542,0.007719576453013663
110,0.6850524646884919,0.46929687937577746,580.7434091549125,0.6850524646884919,0.008482109190359004
111,0.6847548590671999,0.4688892170161408,580.7434506280796,0.6847548590671999,0.008084689119694436
112,0.6864658442574024,0.47123535533202826,580.7439456583729,0.6864658442574024,0.008273671062851585
113,0.687583897663598,0.47277161632626513,580.7452360909148,0.687583897663598,0.008268778464014224
114,0.6853291958731428,0.4696761067161285,580.7434186260742,0.6853291958731428,0.00807035506381761
115,0.6886163823048371,0.4741925219786016,580.7471147678673,0.6886163823048371,0.008065582694998208
116,0.684516009162028,0.46856216679910967,580.7435225407377,0.684516009162028,0.008452058500054814
117,0.6847398877368736,0.4688687138579062,580.7434541261738,0.6847398877368736,0.00885705293588397
118,0.6843625613935299,0.46835211543711297,580.7435868490796,0.6843625613935299,0.009064089106315268
119,0.6854691658640963,0.46986797735042,580.7434410834996,0.6854691658640963,0.008639400994868157
120,0.6843915566775671,0.4683918028515436,580.7435736131719,0.6843915566775671,0.008634292123250965
121,0.6853574254604033,0.46971480063371235,580.7434221989829,0.6853574254604033,0.008629186272742439
122,0.6855658470396925,0.470000530627251,580.7434635368528,0.6855658470396925,0.008624083441556055
123,0.684045448318859,0.46791817536574887,580.7437645374258,0.684045448318859,0.009037320738474186
124,0.6848147992167338,0.46897130922625546,580.7434379764745,0.6848147992167338,0.009248570720855186
125,0.6861070735376338,0.470742916358376,580.7436942308025,0.6861070735376338,0.009026635539331404
126,0.6862170979586637,0.47089390553081023,580.7437629701507,0.6862170979586637,0.008810026069886243
127,0.6862170979586637,0.47089390553081023,580.7437629701507,0.6862170979586637,0.008200585090969706
128,0.6842844179935873,0.4682451647088225,580.7436250342131,0.6842844179935873,0.008392276135927981
129,0.6843176677613482,0.4682906704103309,580.7436083384601,0.6843176677613482,0.008387313400504547
130,0.6830855444148186,0.4666058609884891,580.7446687056745,0.6830855444148186,0.008186045552939697
131,0.6853049304264169,0.4696428476667562,580.7434159409011,0.6853049304264169,0.007989607469630584
132,0.6867242900330406,0.47159025052138365,580.7441756173289,0.6867242900330406,0.007797883252170932
133,0.686927404654672,0.4718692592656034,580.744385120789,0.686927404654672,0.007610759783333818
134,0.6843258144510256,0.4683018203240595,580.7436043489785,0.6843258144510256,0.007788663491375359
135,0.6842149877508016,0.46815014946282957,580.7436620364493,0.6842149877508016,0.007423734070442742
136,0.6845805312324149,0.4686505037424554,580.743499728602,0.6845805312324149,0.007419344078091583
137,0.6842205506933684,0.46815776199113635,580.7436589651533,0.6842205506933684,0.007071718719631051
138,0.6843359201461608,0.46831565160229266,580.7435994555343,0.6843359201461608,0.007067536890002706
139,0.6815859348093666,0.4645593865299581,580.7471739469723,0.6815859348093666,0.007232742606021389
140,0.6838912964145708,0.4677073053116024,580.7438726764975,0.6838912964145708,0.007579311493494677
141,0.6839533100667351,0.4677921303512435,580.7438274637763,0.6839533100667351,0.00775648008867847
142,0.6864645462560974,0.4712335732665897,580.7439446067816,0.6864645462560974,0.007751893328439201
143,0.6859875007495102,0.4705788511845593,580.7436279056723,0.6859875007495102,0.008123338185942103
144,0.6845267554193716,0.4685768788849722,580.7435185675042,0.6845267554193716,0.008313223562185246
145,0.6846908131552585,0.4688015096192091,580.7434665396971,0.6846908131552585,0.008507547563939934
146,0.6856880848927017,0.47016814976382093,580.743500053262,0.6856880848927017,0.00891520085052393
147,0.683650749027781,0.467378346646246,580.7440698026771,0.683650749027781,0.009342387522118568
148,0.6840064530590385,0.46786482782640665,580.7437905492167,0.6840064530590385,0.009118201046914196
149,0.6832628685667222,0.466848147562026,580.7444603510695,0.6832628685667222,0.008690977578897863
150,0.6868979745130921,0.4718288273901885,580.7443531938119,0.6868979745130921,0.009107420219628137
151,0.6843385679907544,0.46831927563963643,580.7435981835167,0.6843385679907544,0.009320308797626933
152,0.6846401718876495,0.4687321649623502,580.7434808706415,0.6846401718876495,0.008883615789102748
153,0.686834284768945,0.47174133473406826,580.7442859242258,0.686834284768945,0.008670438321767586
154,0.6824043235970678,0.46567566086397166,580.7456424238466,0.6824043235970678,0.008665311096364226
155,0.6849488950550309,0.4691549888371077,580.7434175214953,0.6849488950550309,0.008867865245918717
156,0.6853964453962137,0.46976828736176496,580.7434279329939,0.6853964453962137,0.008862621272975815
157,0.6835979126252826,0.4673061061456435,580.7441177286724,0.6835979126252826,0.008857380401033151
158,0.6847416536238934,0.468871132207584,580.7434537065412,0.6847416536238934,0.00885214262825696
159,0.6837535581847113,0.4675189283302534,580.743981322626,0.6837535581847113,0.008846907952814564
160,0.6858708280692989,0.47041879279646576,580.7435715933318,0.6858708280692989,0.008432395629892946
161,0.6860005163843031,0.47059670847953056,580.7436347021958,0.6860005163843031,0.00926533999687709
162,0.6843026425297374,0.4682701065731815,580.7436158009148,0.6843026425297374,0.009259860978995896
163,0.6838036008073263,0.4675873644770652,580.7439405384426,0.6838036008073263,0.009037654868529092
164,0.6871573289854676,0.47218519477844206,580.7446529054686,0.6871573289854676,0.008614205304760768
165,0.6863001590420073,0.47100790830108447,580.7438197638041,0.6863001590420073,0.009026969274330486
166,0.6839467626722218,0.46778317416981247,580.7438321287091,0.6839467626722218,0.009021631215923163
167,0.6858309405926618,0.47036407907421524,580.7435542439633,0.6858309405926618,0.009016296314153101
168,0.6864925209439912,0.4712719813120361,580.7439674993846,0.6864925209439912,0.008799934951997816
169,0.6848892228283145,0.4690732475463727,580.7434252837097,0.6848892228283145,0.008588765548647187
170,0.6851065984855413,0.46937105128842876,580.7434073617894,0.6851065984855413,0.008789530423916243
171,0.6838010837564477,0.46758392214649236,580.7439425540797,0.6838010837564477,0.009210695388074274
172,0.6863407182034346,0.4710635814640064,580.74384902946,0.6863407182034346,0.009425998052962976
173,0.6832297350982361,0.4668028709224059,580.744497863483,0.6832297350982361,0.009420424030649957
174,0.685104259424146,0.4693678462811075,580.7434074026386,0.685104259424146,0.00987181931092869
175,0.6863446633845758,0.47106899695648663,580.7438519298286,0.6863446633845758,0.01010257593845701
176,0.684956845739003,0.4691658805247243,580.7434166495837,0.684956845739003,0.009860147449511867
177,0.6850752087656001,0.4693280416652306,580.7434081857037,0.6850752087656001,0.010580397288331076
178,0.685808566661642,0.4703333901064959,580.743544936385,0.685808566661642,0.010084664193693825
179,0.685808566661642,0.4703333901064959,580.743544936385,0.685808566661642,0.009387049048233915
180,0.6841886352184205,0.46811408856204495,580.7436768378731,0.6841886352184205,0.009381498058242803
181,0.6861578768165567,0.470812631917405,580.74372505207,0.6861578768165567,0.009375950350805101
182,0.6847203370234132,0.4688419399334565,580.7434588976533,0.6847203370234132,0.008936650317365335
183,0.6847432819198846,0.4688733621344146,580.7434533212703,0.6847432819198846,0.009364864775826593
184,0.6873999957417378,0.4725187541457412,580.7449708833686,0.6873999957417378,0.009583771194680528
185,0.684900199498598,0.4690882832732194,580.7434236945093,0.684900199498598,0.009807794614298758
186,0.684458685459417,0.4684836921008332,580.7435449084545,0.684458685459417,0.00934826098401862
187,0.6844020406307739,0.4684061532195675,580.74356895173,0.6844020406307739,0.008910258305972188
188,0.6852444683768699,0.46955998144109906,580.7434108021102,0.6852444683768699,0.009118538167295838
189,0.6862064483765657,0.4708792897935804,580.743755993423,0.6862064483765657,0.009555468084502
190,0.6866381811978844,0.4714719918787388,580.744094448705,0.6866381811978844,0.009549817500657714
191,0.684822663804728,0.4689820808606035,580.7434364772838,0.684822663804728,0.009544170258261226
192,0.6865478006251917,0.471347882543288,580.7440141465495,0.6865478006251917,0.009767267994553288
193,0.6839761514836707,0.4678233757984133,580.7438113904002,0.6839761514836707,0.009995580704865283
194,0.6862533892048552,0.4709437141951505,580.7437872657471,0.6862533892048552,0.009755719748494207
195,0.6873339230732541,0.47242792180727006,580.7448807037595,0.6873339230732541,0.010468341503127929
196,0.6857541368762273,0.4702587362428595,580.7435235658879,0.6857541368762273,0.010462151095619793
197,0.6856369183929334,0.470097983863358,580.743483663105,0.6856369183929334,0.010706706899112291
198,0.6847513445143831,0.4688844038142554,580.7434514371291,0.6847513445143831,0.010700375535280124
199,0.6847401894515291,0.468869127050116,580.7434540543434,0.6847401894515291,0.011213101820012155
200,0.6845467528659693,0.4686042568593425,580.7435113587289,0.6845467528659693,0.01094537284289313
201,0.6828579019625073,0.4662949142726372,580.7449635367724,0.6828579019625073,0.010685339432794145
202,0.6868307421873096,0.4717364684135705,580.744282255735,0.6868307421873096,0.01043274330962947
203,0.6865343226755402,0.4713293762115627,580.7440026006803,0.6865343226755402,0.009953359610197771
204,0.6870161423975308,0.47199117991478434,580.7444846129688,0.6870161423975308,0.009947756424785625
205,0.6830269165121556,0.4665257686801032,580.744741699674,0.6830269165121556,0.009495025376620708
206,0.6846110088834839,0.4686922334844617,580.7434898242419,0.6846110088834839,0.009274935874225928
207,0.683484314384029,0.4671508080090062,580.7442264059796,0.683484314384029,0.009702169252535163
208,0.6849818239449252,0.46920009913491656,580.7434141587415,0.6849818239449252,0.009479445519656552
209,0.6847761114942443,0.46891832287317775,580.7434458944322,0.6847761114942443,0.00926287817539831
210,0.6853320418248955,0.4696800075518803,580.743418964382,0.6853320418248955,0.009468315373286715
211,0.6837016164043136,0.4674479002738712,580.7440252363948,0.6837016164043136,0.010119975462758918
212,0.6852944529641625,0.4696284872634507,580.743414891771,0.6852944529641625,0.010114697081620405
213,0.6833325700819077,0.4669434013347453,580.7443835685727,0.6833325700819077,0.009887965876708626
214,0.6814990926032447,0.4644410132190459,580.7473595199076,0.6814990926032447,0.009882903713822841
215,0.6861920928191445,0.47085958824751745,580.7437466985168,0.6861920928191445,0.0098778907364239
216,0.685862854278169,0.4704078548785968,580.7435680475767,0.685862854278169,0.009872926231749938
217,0.684662948641434,0.46876335324238283,580.7434742339276,0.684662948641434,0.009655702927998175
218,0.6836111621154304,0.4673242209688092,580.7441055541109,0.6836111621154304,0.00965093805350717
219,0.6835482137043685,0.46723816045843297,580.7441643282554,0.6835482137043685,0.009856375863594837
220,0.6845047281313946,0.4685467228342345,580.7435267864241,0.6845047281313946,0.009437800146985371
221,0.6831817217709236,0.46673726496188367,580.744553379985,0.6831817217709236,0.009433267449748785
222,0.6872768849579375,0.47234951659748603,580.7448050232028,0.6872768849579375,0.009631416019460772
223,0.686706983423411,0.47156648108248084,580.7441589381833,0.686706983423411,0.01025808590655305
224,0.6838258755487663,0.46761782807003677,580.7439228659708,0.6838258755487663,0.010471676784207112
225,0.6851215957144146,0.4693916009142657,580.7434071785061,0.6851215957144146,0.010688766298452012
226,0.6833640639591531,0.46698644391076943,580.7443498230656,0.6833640639591531,0.010909396347320112
227,0.6845930522893565,0.46866764724285764,580.7434955919521,0.6845930522893565,0.011367606817779059
228,0.6820041329183428,0.46512963731770063,580.7463421716255,0.6820041329183428,0.011362475009991848
229,0.6876435840247915,0.4728536986504605,580.745326663304,0.6876435840247915,0.011594002186020712
230,0.6846935161121035,0.46880521100595535,580.7434658182158,0.6846935161121035,0.012074610054221665
231,0.6846225507203791,0.4687080369548781,580.7434862194507,0.6846225507203791,0.01158580260902726
232,0.6866176764851375,0.47144383366184894,580.7440757911218,0.6866176764851375,0.011580749829934924
233,0.6827216029046517,0.4661087870726969,580.7451547579624,0.6827216029046517,0.011575742206246532
234,0.6838116247566377,0.46759833815231266,580.7439341381879,0.6838116247566377,0.011570779135794532
235,0.6839717637222917,0.46781737356938247,580.7438144538165,0.6839717637222917,0.011335739453504537
236,0.6841735378813837,0.46809342993712916,580.7436855052224,0.6841735378813837,0.011330960735505635
237,0.6849235300352263,0.46912024199591557,580.7434205583049,0.6849235300352263,0.01110273889306712
238,0.684960324675938,0.4691706463801664,580.7434162800737,0.684960324675938,0.011098136188223537
239,0.686604114583999,0.47142521016367717,580.7440635926213,0.686604114583999,0.011315002158603833
240,0.683749772712034,0.4675137516837581,580.743984468599,0.683749772712034,0.011764485206692588
241,0.6845277584354031,0.46857825206859766,580.7435182002018,0.6845277584354031,0.011992501722706444
242,0.684261005189821,0.46821312322338426,580.7436371886379,0.684261005189821,0.01152870019520365
243,0.6866774421153676,0.4715259095101041,580.7441308927146,0.6866774421153676,0.011524114244455921
244,0.6868962678752083,0.4718264828208899,580.744351358726,0.6868962678752083,0.01174477884427079
245,0.6837741371007793,0.4675470705679153,580.7439643699422,0.6837741371007793,0.011740182392611351
246,0.6842273764539539,0.4681671026890608,580.7436552220178,0.6842273764539539,0.011735624767786534
247,0.6839897562861319,0.4678419867043621,580.7438019651439,0.6839897562861319,0.011731105480235076
248,0.6845659798017455,0.4686305807019238,580.7435046545824,0.6845659798017455,0.01150532523657305
249,0.6847948918104261,0.46894404384965316,580.7434419380604,0.6847948918104261,0.01128478149965026
250,0.6863674523122574,0.4711002795936189,580.7438688698958,0.6863674523122574,0.011280538814235236
251,0.6877193074769273,0.4729578458765445,580.745444746845,0.6877193074769273,0.011276331227640116
252,0.6851041072056752,0.4693676377100852,580.7434074054115,0.6851041072056752,0.011924450820229793
253,0.6854868040573858,0.4698921585368089,580.7434447566343,0.6854868040573858,0.011920072642446208
254,0.6848821567237088,0.4690635685985188,580.7434263452153,0.6848821567237088,0.011696085444223694
255,0.6852855830236613,0.4696163303000793,580.743414055592,0.6852855830236613,0.012133354567435412
256,0.6851559590835914,0.469438688267756,580.7434072715812,0.6851559590835914,0.011907144344501358
257,0.6851628537747331,0.46944813619273623,580.7434073763097,0.6851628537747331,0.012123821805340732
258,0.6852848489726147,0.4696153242314193,580.7434139885275,0.6852848489726147,0.012571807586565014
259,0.6862757502268857,0.4709744053494748,580.7438026364542,0.6862757502268857,0.012567401772434893
260,0.6838652926059937,0.4676717384310814,580.7438923196794,0.6838652926059937,0.013028203257306019
261,0.6861182030713043,0.4707581885857956,580.7437008480485,0.6861182030713043,0.013750853853608478
262,0.6858869766531056,0.47044094474233783,580.743578892868,0.6858869766531056,0.0137461438771194
263,0.6846818530985085,0.46878923996240757,580.7434689628201,0.6846818530985085,0.013496699543510706
264,0.687474130659594,0.47262068032616444,580.7450752782154,0.687474130659594,0.013492145962927988
265,0.681512098213122,0.464458740010852,580.747331447366,0.681512098213122,0.01348762799474297
266,0.6845818357548459,0.4686522898454748,580.7434992932164,0.6845818357548459,0.013724908630318252
267,0.6873437976680377,0.4724414961927203,580.7448940097655,0.6873437976680377,0.013720380889809014
268,0.6859201212193762,0.4704864126936037,580.7435943726873,0.6859201212193762,0.013715888149744856
269,0.6846692047074041,0.46877191987466926,580.7434724657245,0.6846692047074041,0.013711430006080083
270,0.6865027357712608,0.47128600622142547,580.7439759780095,0.6865027357712608,0.013235280933837709
271,0.6862582015683807,0.47095031921986824,580.7437905478947,0.6862582015683807,0.013002210302898701
272,0.6837762710720092,0.46754998888114185,580.7439626264753,0.6837762710720092,0.012774087370874621
273,0.6842007905539254,0.46813072179461646,580.7436699588402,0.6842007905539254,0.012770055397189648
274,0.6846842302332801,0.46879249513013926,580.7434683152436,0.6846842302332801,0.012547644067911154
275,0.6848845790570935,0.46906688663021223,580.7434259779257,0.6848845790570935,0.012982606870039552
276,0.6861133530580534,0.4707515332445651,580.7436979550972,0.6861133530580534,0.01275813516248822
277,0.6861133530580534,0.4707515332445651,580.7436979550972,0.6861133530580534,0.012117481608848141
278,0.6855511678275774,0.4699804037097552,580.7434597622895,0.6855511678275774,0.011909478162460971
279,0.6861923829052843,0.4708599863572323,580.7437468850947,0.6861923829052843,0.012109397377254043
280,0.6839008629729988,0.46772039037521246,580.7438655516917,0.6839008629729988,0.01190302018476844
281,0.6829795231663307,0.4664610290645085,580.74480219656,0.6829795231663307,0.012306820147408692
282,0.6836837037546579,0.46742340677968686,580.7440407540037,0.6836837037546579,0.013156810368571798
283,0.6841354610509793,0.46804132906743606,580.7437079719728,0.6841354610509793,0.01337459816303548
284,0.6835569013412149,0.46725003737120346,580.7441560761922,0.6835569013412149,0.01337069549738981
285,0.6858060124598233,0.4703298867260433,580.7435438932166,0.6858060124598233,0.013366821143059452
286,0.6847407607168439,0.468869909387082,580.7434539184902,0.6847407607168439,0.012928223659310996
287,0.6860451501482675,0.4706579480419589,580.7436587938338,0.6860451501482675,0.012505473929803772
288,0.6865345005567628,0.4713296204547237,580.744002752337,0.6865345005567628,0.012919392577895367
289,0.6854589471404978,0.4698539682149598,580.7434390418377,0.6854589471404978,0.013128882530813254
290,0.6854064980039039,0.46978206750597545,580.7434295598,0.6854064980039039,0.013560436219212012
291,0.6855744303740164,0.4700122995826571,580.7434658045815,0.6855744303740164,0.013338080948031105
292,0.6823275555119983,0.46557089301097915,580.7457693450348,0.6823275555119983,0.01312012205869759
293,0.685085738713137,0.4693424693881247,580.7434078429025,0.685085738713137,0.013116523939867647
294,0.68560275893219,0.47005114305543066,580.7434736066384,0.68560275893219,0.012903646213263655
295,0.6858695048222734,0.4704169776451505,580.7435710022352,0.6858695048222734,0.0131086929230384
296,0.6836384533533669,0.46736153490338367,580.7440808069638,0.6836384533533669,0.013105170037105185
297,0.6868764389978319,0.47179924245034227,580.7443301687548,0.6868764389978319,0.013312038881969655
298,0.6861033474978772,0.47073780344779276,580.743692032321,0.6861033474978772,0.012892578842310229
299,0.6845631987517059,0.4686267730851676,580.7435056105329,0.6845631987517059,0.013303599656278108
300,0.6867051324324066,0.4715639389090091,580.7441571651867,0.6867051324324066,0.01416615672873116
301,0.685744860161215,0.4702460132375244,580.7435201034417,0.685744860161215,0.014386848203990223
302,0.684752334918807,0.4688857601767581,580.7434512083847,0.684752334918807,0.014383133100651547
303,0.6819402237608018,0.46504246878293237,580.7464626418175,0.6819402237608018,0.014156644363006194
304,0.6865178248549183,0.4713067238435283,580.7439886193974,0.6865178248549183,0.01482956371111655
305,0.684308308613565,0.46827786123755805,580.7436129708715,0.684308308613565,0.014372862601550209
306,0.6850114648239368,0.4692407069402356,580.7434116919467,0.6850114648239368,0.014369246989970505
307,0.6865206752914924,0.47131063760268677,580.7439910231147,0.6865206752914924,0.014145930133636908
308,0.683743530087428,0.4675052149364176,580.7439896753167,0.683743530087428,0.014142417426637422
309,0.6881341813401447,0.47352865152867113,580.7461548416653,0.6881341813401447,0.014803661677713397
310,0.6840416077053901,0.46791292107217486,580.7437670588861,0.6840416077053901,0.014800032671426246
311,0.6840416077053901,0.46791292107217486,580.7437670588861,0.6840416077053901,0.014136169087964267
312,0.6844442224328903,0.46846389362176377,580.7435508640474,0.6844442224328903,0.013710457397125295
313,0.6873920461219513,0.4725078250717228,580.7449598905696,0.6873920461219513,0.013707160163955458
314,0.6848708514765719,0.4690480832022446,580.7434281062203,0.6848708514765719,0.013911992163041712
315,0.6838643878731488,0.46767050100111657,580.743893010389,0.6838643878731488,0.014332968389582465
316,0.6852326803136036,0.4695438261697653,580.7434100581416,0.6852326803136036,0.014329586246664519
317,0.6852326803136036,0.4695438261697653,580.7434100581416,0.6852326803136036,0.013698708091726686
318,0.6825904707894556,0.4659297508125706,580.7453491019646,0.6825904707894556,0.014109316997581703
319,0.6841344967658834,0.4680400096651086,580.7437085522199,0.6841344967658834,0.014530906914713095
320,0.6840733035546753,0.467956284636207,580.7437465141336,0.6840733035546753,0.0143142672196298
321,0.6866494014451741,0.4714874005050158,580.7441047673886,0.6866494014451741,0.014310993361498266
322,0.6857835699962241,0.47029910487676607,580.7435348981744,0.6857835699962241,0.014519612805977671
323,0.6873978438318978,0.4725157957047422,580.7449679038357,0.6873978438318978,0.01409705013817065
324,0.6872766900637372,0.4723492487049662,580.7448047680517,0.6872766900637372,0.013688035011360759
325,0.6843868442547931,0.46838535258903446,580.7435757299512,0.6843868442547931,0.013885757877984116
326,0.6849210529810869,0.4691168488167208,580.7434208756899,0.6849210529810869,0.014085730400218387
327,0.6866729024162502,0.4715196749127571,580.7441266303679,0.6866729024162502,0.013880230632505873
328,0.6864245192402915,0.47117862061426524,580.7439126849501,0.6864245192402915,0.014078922086631689
329,0.6832557665660646,0.4668384425457805,580.7444683367296,0.6832557665660646,0.013874772323355645
330,0.6860469771049148,0.4706604547947915,580.7436598058476,0.6860469771049148,0.013674193469917008
331,0.686346457705905,0.4710714600054436,580.7438532521057,0.686346457705905,0.013671251205333908
332,0.6855842651440623,0.470025784613124,580.7434684579575,0.6855842651440623,0.013668327179831257
333,0.6870592010458197,0.47205034574172017,580.7445346368168,0.6870592010458197,0.01328233346309706
334,0.687072302975018,0.4720683495153949,580.7445500847109,0.687072302975018,0.01309262241243744
335,0.6837919440469058,0.46757142274344676,580.7439499049228,0.6837919440469058,0.012906180110932511
336,0.6838937776500048,0.4677106991083942,580.7438708233119,0.6838937776500048,0.013086590802394797
337,0.6827033068652643,0.46608380520476717,580.7451812632787,0.6827033068652643,0.012721356898638379
338,0.6866724070548641,0.471518994610521,580.7441261660358,0.6866724070548641,0.012718731314886106
339,0.6869745067205453,0.4719339728839365,580.7444373278386,0.6869745067205453,0.012894970067799872
340,0.6860308557618385,0.4706383350573205,580.7436509459814,0.6860308557618385,0.01253822013929479
341,0.6854985006339878,0.4699081943714453,580.7434472965595,0.6854985006339878,0.01253567746727664
342,0.6863700391468152,0.47110383063840056,580.7438708128943,0.6863700391468152,0.012360825732441834
343,0.6874138250254399,0.4725377668361061,580.7449900996698,0.6874138250254399,0.01270430971812193
344,0.6846902762566659,0.46880077440042944,580.7434666835316,0.6846902762566659,0.012877824708221406
345,0.6855704497974728,0.4700068416355092,580.7434647473431,0.6855704497974728,0.013416484791166314
346,0.6848629521990858,0.46903726329484724,580.7434293824558,0.6848629521990858,0.013598681749521406
347,0.6869771172101858,0.4719375595704174,580.7444402611859,0.6869771172101858,0.013596018119720494
348,0.684199678620243,0.4681292002240438,580.7436705844316,0.684199678620243,0.013593370222410344
349,0.6841197588802423,0.46801984449036094,580.7437174899151,0.6841197588802423,0.013964605974074763
350,0.6841197588802423,0.46801984449036094,580.7437174899151,0.6841197588802423,0.013406543289576323
351,0.6843487533303525,0.46833321618480767,580.7435933297517,0.6843487533303525,0.013403976526838633
352,0.6848496783287831,0.46901908190703767,580.7434316118254,0.6848496783287831,0.013045634852000176
353,0.6845344622482604,0.46858743000551506,580.7435157608179,0.6845344622482604,0.012869349109165788
354,0.6851774360509411,0.46946811887334144,580.7434076925695,0.6851774360509411,0.012527220751053612
355,0.6854260528831232,0.469808873970938,580.7434328999298,0.6854260528831232,0.013036311705878031
356,0.6854260528831232,0.469808873970938,580.7434328999298,0.6854260528831232,0.012523944690523692
357,0.6854260528831232,0.469808873970938,580.7434328999298,0.6854260528831232,0.012033065604727528
358,0.6833617015756601,0.46698321518038155,580.7443523338723,0.6833617015756601,0.012191069685344589
359,0.6838940884797264,0.4677111242575159,580.743870591419,0.6838940884797264,0.012514728420434142
360,0.6852856701368083,0.46961644969485444,580.7434140635722,0.6852856701368083,0.01284605639536317
361,0.685151399206665,0.46943243983485083,580.7434072181203,0.685151399206665,0.012843730705396263
362,0.6865822692889575,0.4713952125019745,580.7440441806613,0.6865822692889575,0.012509741188986883
363,0.687039437684598,0.47202318893396855,580.7445115347595,0.687039437684598,0.012345360881864149
364,0.6872572372800453,0.47232251019380045,580.7447794188608,0.6872572372800453,0.012668610827335372
365,0.6841701896762497,0.46808884844163545,580.743687445935,0.6841701896762497,0.012999415330559462
366,0.6868174609383247,0.47171822464976726,580.7442685711137,0.6868174609383247,0.012830002841632313
367,0.6851706787714745,0.46945885904816315,580.7434075300187,0.6851706787714745,0.012994392554167716
368,0.684390554735147,0.4683904314106822,580.743574062119,0.684390554735147,0.012825967266825243
369,0.6859124062943904,0.47047582910856095,580.7435907097409,0.6859124062943904,0.012660176198728414
370,0.685186624815436,0.4694807108259691,580.74340795795,0.685186624815436,0.012657993823768185
371,0.6853083182086498,0.469647491005968,580.7434162943573,0.6853083182086498,0.012655823519730146
372,0.6867814851740296,0.4716688083778458,580.7442320471795,0.6867814851740296,0.012815829292716942
373,0.6841896121384287,0.46811542535813344,580.7436762817333,0.6841896121384287,0.012977429037193233
374,0.6849500783262926,0.4691566097991944,580.7434173893138,0.6849500783262926,0.013308137687382137
375,0.6821689123122311,0.4653544249252524,580.7460426328723,0.6821689123122311,0.0136463689717381
376,0.6866969188078861,0.4715526583002445,580.7441493230308,0.6866969188078861,0.013817085432382706
377,0.684974294644977,0.46918978432438385,580.7434148698893,0.684974294644977,0.013642278502123071
378,0.6829574017797821,0.4664308126457908,580.7448308900973,0.6829574017797821,0.013640024893868154
379,0.6859594974228955,0.4705404321046714,580.7436136330655,0.6859594974228955,0.01380932792726946
380,0.6848170769122351,0.4689744288306182,580.7434375384499,0.6848170769122351,0.013980286860486427
381,0.684626352422026,0.46871324243068807,580.7434850496481,0.684626352422026,0.01380527481146432
382,0.6857674139142647,0.47027694598665837,580.7435286125202,0.6857674139142647,0.01397529968328762
383,0.6850496155645193,0.46929297578509566,580.7434092983648,0.6850496155645193,0.014323063452124887
384,0.6868846367844547,0.4718105042505122,580.7443388999369,0.6868846367844547,0.013971709320764985
385,0.6831365800407788,0.46667558698981143,580.7446068251747,0.6831365800407788,0.013798624465513979
386,0.684879825872532,0.4690603758871898,580.7434267019773,0.684879825872532,0.01396682764348205
387,0.6839724033667531,0.4678182485672924,580.7438140065168,0.6839724033667531,0.014310786086425782
388,0.6859606061561206,0.47054195319807246,580.7436141890693,0.6859606061561206,0.014134873399127114
389,0.6853749485348329,0.4697388200791249,580.7434246598137,0.6853749485348329,0.01379254410925113
390,0.6870333560447578,0.4720148323181229,580.7445044741262,0.6870333560447578,0.0141295960739027
391,0.6837362043950245,0.4674951972005147,580.743995815055,0.6837362043950245,0.013789126087904358
392,0.685284531989103,0.46961488978352395,580.7434139596683,0.685284531989103,0.013954671319046484
393,0.684074809355628,0.46795834479493886,580.7437455530692,0.684074809355628,0.013785321587796662
394,0.6853315291014208,0.4696793047804916,580.7434189030703,0.6853315291014208,0.013949990984483532
395,0.6838902940422005,0.4677059342851274,580.7438734261935,0.6838902940422005,0.013781556445040852
396,0.6854990116026531,0.46990889490821436,580.7434474094101,0.6854990116026531,0.01345362117772053
397,0.6834440256164767,0.4670957361508552,580.7442667966138,0.6834440256164767,0.013291999388450921
398,0.6848816038705864,0.46906281132034683,580.7434264295388,0.6848816038705864,0.013132720974063148
399,0.6838133601658343,0.46760071154128896,580.7439327590093,0.6838133601658343,0.012975746161839654
400,0.6843322988809818,0.4683106952917294,580.7436012019966,0.6843322988809818,0.013284905741800046
401,0.6847386533722692,0.4688670234220687,580.7434544206152,0.6847386533722692,0.013600641526525905
402,0.6827641361751278,0.4661668656469684,580.74509390562,0.6827641361751278,0.013439288566675261
403,0.6839261294130421,0.4677549504939052,580.7438469973972,0.6839261294130421,0.013757107400082395
404,0.6848628355769956,0.46903710355456285,580.74342940158,0.6848628355769956,0.0135947072764606
405,0.6877209498475021,0.47296010485915047,580.7454473473314,0.6877209498475021,0.013592749839468544
406,0.684570035411867,0.46863613338380483,580.7435032688605,0.684570035411867,0.01343308146362379
407,0.6844940917470754,0.46853216163665373,580.7435308595957,0.6844940917470754,0.013431166183960775
408,0.6838461586275805,0.467645568669698,580.7439070315887,0.6838461586275805,0.013274170314165404
409,0.6845917234344675,0.46866582779497445,580.7434960264972,0.6845917234344675,0.01311938944524293
410,0.6850412593906834,0.46928152706757353,580.7434097473947,0.6850412593906834,0.012966786993202448
411,0.6847613983247209,0.4688981726356271,580.7434491425596,0.6847613983247209,0.013267459583199484
412,0.6836096093713845,0.4673220980248969,580.7441069754652,0.6836096093713845,0.01326561337174332
413,0.6865498935850416,0.47135075638163193,580.7440159494691,0.6865498935850416,0.013263776309994302
414,0.6841273258889244,0.4680301980279306,580.7437128846922,0.6841273258889244,0.01326194833011966
415,0.6831769024934718,0.4667306801005747,580.7445590280201,0.6831769024934718,0.013566499327836368
416,0.6869091709220188,0.47184420909677516,580.7443652773314,0.6869091709220188,0.01372008060095156
417,0.6821276797084201,0.465298171424393,580.7461160882834,0.6821276797084201,0.014033640249580384
418,0.6861774314131001,0.4708394673806796,580.7437373355418,0.6861774314131001,0.014682836297712781
419,0.6848388619073877,0.46900426677860607,580.7434335070708,0.6848388619073877,0.015360418821922957
420,0.6867297899801141,0.4715978044461317,580.7441809563793,0.6867297899801141,0.015186008864226509
421,0.6851013821979672,0.46936390388956517,580.7434074574247,0.6851013821979672,0.015013989367257827
422,0.6843361557356145,0.46831597404699915,580.7435993421872,0.6843361557356145,0.014844321973167995
423,0.6825786781551083,0.4659136518719749,580.7453670772588,0.6825786781551083,0.01500961869079467
424,0.6835722692042437,0.4672710472250391,580.7441415890205,0.6835722692042437,0.015176366181141316
425,0.6841440306597385,0.4680530546873532,580.743702839796,0.6841440306597385,0.015344573771198477
426,0.6856085304689687,0.47005905705181883,580.7434752559832,0.6856085304689687,0.015342576035526145
427,0.6850690190880847,0.4693195609143106,580.7434084184946,0.6850690190880847,0.015511838012447168
428,0.684109278281159,0.4680055046303682,580.743723925001,0.684109278281159,0.01533900525806081
429,0.6874887319308381,0.4726407565318718,580.7450962398458,0.6874887319308381,0.015679752456151674
430,0.6838061331106766,0.4675908276797764,580.7439385144114,0.6838061331106766,0.016027258653237748
431,0.6881512797659809,0.4735521838435573,580.7461864020361,0.6881512797659809,0.016025219987093997
432,0.6852436004174837,0.469558791913116,580.7434107444615,0.6852436004174837,0.01602319097047079
433,0.6831086571449819,0.46663743746642045,580.7446404900161,0.6831086571449819,0.01619753846078425
434,0.6865060417572898,0.47129054536926174,580.7439787357753,0.6865060417572898,0.01655320973733036
435,0.6846639190215633,0.4687646820099658,580.7434739581165,0.6846639190215633,0.016732505078805675
436,0.6849228370937754,0.46911929277258646,580.7434206467183,0.6849228370937754,0.016549496919339685
437,0.6845534293922836,0.4686133976927362,580.7435090055144,0.6845534293922836,0.016192287666021064
438,0.6844198351510792,0.4684305107482304,580.7435611909923,0.6844198351510792,0.016366485182934088
439,0.6850199484503366,0.4692523297749019,580.7434110836297,0.6850199484503366,0.016364478270844716
440,0.6849988983684603,0.46922349076600417,580.7434126729428,0.6849988983684603,0.016539736457577833
441,0.6839282903066263,0.46775790628174485,580.7438454282799,0.6839282903066263,0.016185944968612153
442,0.6864883824513272,0.4712662992406396,580.7439640825041,0.6864883824513272,0.016183986946318944
443,0.685282818203446,0.46961254092485727,580.7434138046932,0.685282818203446,0.016532136823350547
444,0.6860228591387671,0.47062736326092874,580.7436466100767,0.6860228591387671,0.016530154831988084
445,0.6845512808025569,0.4686104560484211,580.7435097598816,0.6845512808025569,0.016179716458912145
446,0.6834871180810795,0.46715464058277956,580.7442236311762,0.6834871180810795,0.016350689106691275
447,0.68538255835773,0.46974925130098716,580.7434257864692,0.68538255835773,0.01600559168730981
448,0.68538255835773,0.46974925130098716,580.7434257864692,0.68538255835773,0.015503575630946368
449,0.6845333593319752,0.4685859200383191,580.7435161602891,0.6845333593319752,0.015177801218804384
450,0.6846372321064671,0.4687281395864045,580.7434817500019,0.6846372321064671,0.015176029619323237
451,0.6862988579464255,0.471006122418568,580.7438188416493,0.6862988579464255,0.0153346366433225
452,0.6844764498215992,0.46850801036038014,580.7435377655182,0.6844764498215992,0.015494550373535683
453,0.6861572587877781,0.4708117837871579,580.7437246676548,0.6861572587877781,0.01565577869675326
454,0.6866284583456025,0.47145863981005875,580.7440855695634,0.6866284583456025,0.015653983249235334
455,0.6862237141727906,0.4709029858930998,580.7437673394523,0.6862237141727906,0.01565219586159709
456,0.6862419143072909,0.4709279649521351,580.7437794967157,0.6862419143072909,0.0154885212021604
457,0.6855447356726476,0.4699715846084803,580.743458149582,0.6855447356726476,0.015648290500865965
458,0.6858940650403771,0.470450668457613,580.7435821471561,0.6858940650403771,0.015646527009917713
459,0.6842488343351513,0.46819646728901326,580.7436436369045,0.6842488343351513,0.01548398234788374
460,0.6859822030711374,0.47057158293033124,580.7436251689041,0.6859822030711374,0.015804757134882285
461,0.6841137760293394,0.4680116585531212,580.743721155322,0.6841137760293394,0.01564128189357122
462,0.685820045794768,0.4703491352139376,580.7435496736442,0.685820045794768,0.0154798481634197
463,0.6831736266437227,0.46672620414153665,580.7445628750849,0.6831736266437227,0.015478140997377725
464,0.6846132218704557,0.4686952635598458,580.7434891268589,0.6846132218704557,0.015476441343261822
465,0.6859565296708332,0.47053636059805265,580.7436121484948,0.6859565296708332,0.015633366916591146
466,0.6860415543458493,0.470653014289269,580.7436568079443,0.6860415543458493,0.015791546886910344
467,0.6836949003884909,0.4674387168172285,580.7440310319927,0.6836949003884909,0.01563030943760813
468,0.6855497067073811,0.4699784003665763,580.7434593937433,0.6855497067073811,0.015471059707677107
469,0.6838895610274901,0.4677049316823731,580.7438739748115,0.6838895610274901,0.015469396735506548
470,0.6846441133739287,0.46873756197757294,580.7434796998131,0.6846441133739287,0.015158733868186594
471,0.6839773599296868,0.4678250288963843,580.7438105487197,0.6839773599296868,0.015310499306891316
472,0.6863333131968241,0.47105341680372986,580.743843611251,0.6863333131968241,0.015155831543363875
473,0.6858981209932689,0.4704562323820969,580.7435840230195,0.6858981209932689,0.0150030503291792
474,0.6875384880383493,0.47270917253405936,580.7451686601239,0.6875384880383493,0.014852128717110624
475,0.6845751344420935,0.4686431146964104,580.7435015406684,0.6845751344420935,0.014999584575827136
476,0.6863007635011564,0.4710087379822703,580.7438201925684,0.6863007635011564,0.015148194612071736
477,0.6858514882791582,0.47039226397473627,580.7435630603304,0.6858514882791582,0.014848407092758906
478,0.6836149578002584,0.46732941052824906,580.7441020856623,0.6836149578002584,0.014700292532404333
479,0.6847580535586154,0.4688935919133836,580.7434498991679,0.6847580535586154,0.014698777474363472
480,0.6846843123251972,0.4687926075442282,580.7434682929409,0.6846843123251972,0.01469726885636164
481,0.687177394908445,0.47221277207315693,580.7446778208093,0.687177394908445,0.014841384618381354
482,0.6831410769006178,0.4666817309489357,580.7446014468803,0.6831410769006178,0.01469457016658756
483,0.6840793052795182,0.4679644959117083,580.7437426916662,0.6840793052795182,0.0148380685611138
484,0.6856286778246827,0.4700866838556226,580.7434811721997,0.6856286778246827,0.014836570630015396
485,0.684637316786733,0.4687282555369374,580.7434817245992,0.684637316786733,0.014690712718594285
486,0.6857425161226544,0.47024279841822886,580.7435192368383,0.6857425161226544,0.014546586254986102
487,0.6858201077622411,0.470349220211012,580.743549699435,0.6858201077622411,0.014976373196516539
488,0.6850113281049128,0.46924051963205654,580.7434117021062,0.6850113281049128,0.014686609155774499
489,0.6853979452935635,0.4697703434126386,580.7434281718312,0.6853979452935635,0.014685156578520065
490,0.6847322373562864,0.46885823687494577,580.7434559658643,0.6847322373562864,0.014402176744522951
491,0.6862273948859328,0.4709080374919339,580.7437697817511,0.6862273948859328,0.014262321581475187
492,0.6838478554746893,0.46764788943733154,580.7439057180577,0.6838478554746893,0.014679397147877254
493,0.683819791919633,0.46760950782101024,580.7439276632078,0.683819791919633,0.014677968669913184
494,0.6842990712946774,0.4682652189747579,580.7436175945436,0.6842990712946774,0.014676546088606838
495,0.6857779093511951,0.47029134095409597,580.7435326777761,0.6857779093511951,0.014959084267932866
496,0.6825932200693654,0.4659335040846651,580.7453449230975,0.6825932200693654,0.014957646070946618
497,0.6847197048238202,0.46884107417401943,580.7434590557907,0.6847197048238202,0.014814152473176414
498,0.6852655638998393,0.4695888930669647,580.7434123435423,0.6852655638998393,0.014954501859403023
499,0.6834647875622186,0.46712411583746866,580.7442458614389,0.6834647875622186,0.014811614098568033
